2450
96   235 79 382 37 385 87 243 8 242 86 303 20 302 62 218 1 220 64 312 22 315 96 252 10 255 99 317 23 316 65 221 2 223 67 326 25 329 106 262 12 265 109 331 26 330 68 224 821 1044 888 1156 846 1159 934 1089 832 1092 937 1161 847 1160 889 1045 822 1047 891 1170 849 1173 944 1099 834 1102 947 1175 850 1174 892 1048 823 1050 894 1184 852 1187 954 1109 836 1112 957 1189 853 1188 895 1051 6 
4   0 218 219 220 
4   0 221 222 223 
4   1634 1042 225 226 
4   1634 227 228 229 
4   818 230 231 232 
4   0 1051 234 235 
6   236 237 238 239 240 241 
5   242 0 243 244 245 
6   246 247 248 249 250 251 
5   252 253 254 255 0 
6   256 257 258 259 260 261 
5   262 263 264 265 0 
6   266 1085 1086 269 270 271 
5   272 273 274 275 1634 
6   276 277 278 279 280 281 
5   282 283 284 285 1634 
6   286 287 288 289 290 291 
5   292 293 294 295 818 
6   296 1114 1115 299 300 301 
5   302 0 303 304 305 
6   306 307 308 309 310 311 
5   312 313 314 315 0 
5   316 0 317 318 319 
6   320 321 322 323 324 325 
5   326 327 328 329 0 
5   330 0 331 332 333 
6   334 1151 1152 337 338 339 
5   340 341 342 343 1634 
5   344 1634 345 346 347 
6   348 349 350 351 352 353 
5   354 355 356 357 1634 
5   358 818 1993 360 361 
6   362 363 364 365 366 367 
5   368 369 370 371 818 
5   372 818 373 374 375 
6   376 1193 1194 379 380 381 
5   382 383 384 385 0 
6   386 387 388 389 390 391 
6   392 393 394 395 396 397 
6   398 399 400 401 402 403 
6   404 405 406 407 408 409 
6   410 411 412 413 414 415 
6   416 417 418 419 420 421 
6   422 423 424 425 426 427 
6   428 429 430 431 432 433 
6   434 435 436 437 438 439 
6   440 441 442 443 444 445 
6   446 447 448 449 450 451 
6   452 453 454 455 456 457 
6   458 459 460 461 462 463 
6   464 465 466 467 468 469 
6   470 471 472 473 474 475 
6   476 477 478 479 480 481 
6   482 483 484 485 486 487 
6   488 489 490 491 492 493 
6   494 495 496 497 498 499 
6   500 501 502 503 504 505 
6   2138 2139 508 509 510 511 
6   512 513 514 515 516 517 
6   518 519 520 521 522 523 
6   524 525 526 527 528 529 
5   218 0 302 530 531 
6   219 531 532 306 533 534 
5   220 534 535 312 0 
5   221 0 316 536 537 
6   222 537 538 320 539 540 
5   223 540 541 326 0 
5   224 0 330 542 543 
6   225 1359 1360 334 545 546 
5   226 546 547 340 1634 
5   227 1634 344 548 549 
6   228 549 550 348 551 552 
5   229 552 553 354 1634 
5   230 818 358 554 555 
6   231 555 556 362 557 558 
5   232 558 559 368 818 
5   233 818 372 560 561 
6   234 1377 1378 376 563 564 
5   235 564 565 382 0 
6   236 566 567 386 568 569 
6   237 569 570 392 571 572 
6   238 572 573 398 574 575 
6   239 575 576 404 577 578 
6   240 578 579 410 580 581 
6   241 581 582 416 583 566 
5   242 584 585 303 0 
5   243 0 385 586 587 
6   244 587 588 422 589 590 
6   245 590 591 428 592 584 
6   246 593 594 309 595 596 
6   247 596 597 431 598 599 
6   248 599 600 434 601 602 
6   249 602 603 389 604 605 
6   250 605 606 440 607 608 
6   251 608 609 446 610 593 
5   252 0 315 611 612 
6   253 612 613 449 614 615 
6   254 615 616 452 617 618 
5   255 618 619 317 0 
6   256 620 621 323 622 623 
6   257 623 624 455 625 626 
6   258 626 627 443 628 629 
6   259 629 630 419 631 632 
6   260 632 633 458 634 635 
6   261 635 636 464 637 620 
5   262 0 329 638 639 
6   263 639 640 467 641 642 
6   264 642 643 470 644 645 
5   265 645 646 331 0 
6   266 647 648 337 1465 1466 
6   267 650 651 473 652 653 
6   268 653 654 461 655 656 
6   269 656 657 413 658 659 
6   270 659 660 476 661 662 
6   271 662 663 482 664 647 
5   272 1634 343 665 666 
6   273 666 667 485 668 669 
6   274 669 670 488 671 672 
5   275 672 673 345 1634 
6   276 674 675 351 676 677 
6   277 677 678 491 679 680 
6   278 680 681 479 682 683 
6   279 683 684 407 685 686 
6   280 686 687 494 688 689 
6   281 689 690 500 691 674 
5   282 1634 357 692 693 
6   283 693 694 503 695 696 
6   284 696 697 506 698 699 
5   285 699 700 359 1634 
6   286 701 702 365 703 704 
6   287 704 705 509 706 707 
6   288 707 708 497 709 710 
6   289 710 711 401 712 713 
6   290 713 714 512 715 716 
6   291 716 717 518 718 701 
5   292 818 371 719 720 
6   293 720 721 521 722 723 
6   294 723 724 524 725 726 
5   295 726 727 373 818 
6   296 728 729 379 1546 1547 
6   297 731 732 527 733 734 
6   298 734 735 515 736 737 
6   299 737 738 395 739 740 
6   300 740 741 437 742 743 
6   301 743 744 425 745 728 
6   304 585 592 433 746 747 
6   305 747 748 307 532 530 
6   308 748 746 432 597 595 
6   310 594 610 451 749 750 
6   311 750 751 313 535 533 
6   314 751 749 450 613 611 
6   318 619 617 457 752 753 
6   319 753 754 321 538 536 
6   322 754 752 456 624 622 
6   324 621 637 469 755 756 
6   325 756 757 327 541 539 
6   328 757 755 468 640 638 
6   332 646 644 475 758 759 
6   333 759 760 335 544 542 
6   336 760 758 474 651 649 
6   338 648 664 487 761 762 
6   339 762 763 341 547 545 
6   342 763 761 486 667 665 
6   346 673 671 493 764 765 
6   347 765 766 349 550 548 
6   350 766 764 492 678 676 
6   352 675 691 505 767 768 
6   353 768 769 355 553 551 
6   356 769 767 504 694 692 
6   360 2332 2330 511 770 771 
6   361 771 772 363 556 554 
6   364 772 770 510 705 703 
6   366 702 718 523 773 774 
6   367 774 775 369 559 557 
6   370 775 773 522 721 719 
6   374 727 725 529 776 777 
6   375 777 778 377 562 560 
6   378 778 776 528 732 730 
6   380 729 745 424 779 780 
6   381 780 781 383 565 563 
6   384 781 779 423 588 586 
6   387 567 583 421 782 783 
6   388 783 784 441 606 604 
6   390 603 601 439 785 786 
6   391 786 787 393 570 568 
6   394 787 785 438 741 739 
6   396 738 736 514 788 789 
6   397 789 790 399 573 571 
6   400 790 788 513 714 712 
6   402 711 709 496 791 792 
6   403 792 793 405 576 574 
6   406 793 791 495 687 685 
6   408 684 682 478 794 795 
6   409 795 796 411 579 577 
6   412 796 794 477 660 658 
6   414 657 655 460 797 798 
6   415 798 799 417 582 580 
6   418 799 797 459 633 631 
6   420 630 628 442 784 782 
6   426 744 742 436 800 801 
6   427 801 802 429 591 589 
6   430 802 800 435 600 598 
6   444 627 625 454 803 804 
6   445 804 805 447 609 607 
6   448 805 803 453 616 614 
6   462 654 652 472 806 807 
6   463 807 808 465 636 634 
6   466 808 806 471 643 641 
6   480 681 679 490 809 810 
6   481 810 811 483 663 661 
6   484 811 809 489 670 668 
6   498 708 706 508 2444 2445 
6   499 813 814 501 690 688 
6   502 814 812 507 697 695 
6   516 735 733 526 815 816 
6   517 816 817 519 717 715 
6   520 817 815 525 724 722 
5   1 0 62 531 219 
6   1 218 531 63 534 220 
5   1 219 534 64 0 
5   2 0 65 537 222 
6   2 221 537 66 540 223 
5   2 222 540 67 0 
5   821 0 68 543 1043 
6   3 1042 1359 69 546 226 
5   3 225 546 70 1634 
5   4 1634 71 549 228 
6   4 227 549 72 552 229 
5   4 228 552 73 1634 
5   5 818 74 555 231 
6   5 230 555 75 558 232 
5   5 231 558 76 818 
5   824 818 77 561 1052 
6   6 1051 1377 78 564 235 
5   6 234 564 79 0 
6   7 241 566 80 569 237 
6   7 236 569 81 572 238 
6   7 237 572 82 575 239 
6   7 238 575 83 578 240 
6   7 239 578 84 581 241 
6   7 240 581 85 566 236 
5   8 245 584 86 0 
5   8 0 87 587 244 
6   8 243 587 88 590 245 
6   8 244 590 89 584 242 
6   9 251 593 90 596 247 
6   9 246 596 91 599 248 
6   9 247 599 92 602 249 
6   9 248 602 93 605 250 
6   9 249 605 94 608 251 
6   9 250 608 95 593 246 
5   10 0 96 612 253 
6   10 252 612 97 615 254 
6   10 253 615 98 618 255 
5   10 254 618 99 0 
6   11 261 620 100 623 257 
6   11 256 623 101 626 258 
6   11 257 626 102 629 259 
6   11 258 629 103 632 260 
6   11 259 632 104 635 261 
6   11 260 635 105 620 256 
5   12 0 106 639 263 
6   12 262 639 107 642 264 
6   12 263 642 108 645 265 
5   12 264 645 109 0 
6   13 271 647 110 1466 1085 
6   831 1084 650 111 653 268 
6   831 267 653 112 656 269 
12   13 1086 1472 931 1475 1087 831 268 656 113 659 270 
6   13 269 659 114 662 271 
6   13 270 662 115 647 266 
5   14 1634 116 666 273 
6   14 272 666 117 669 274 
6   14 273 669 118 672 275 
5   14 274 672 119 1634 
6   15 281 674 120 677 277 
6   15 276 677 121 680 278 
6   15 277 680 122 683 279 
6   15 278 683 123 686 280 
6   15 279 686 124 689 281 
6   15 280 689 125 674 276 
5   16 1634 126 693 283 
6   16 282 693 127 696 284 
6   16 283 696 128 699 285 
5   16 284 699 129 1634 
6   17 291 701 130 704 287 
6   17 286 704 131 707 288 
6   17 287 707 132 710 289 
6   17 288 710 133 713 290 
6   17 289 713 134 716 291 
6   17 290 716 135 701 286 
5   18 818 136 720 293 
6   18 292 720 137 723 294 
6   18 293 723 138 726 295 
5   18 294 726 139 818 
6   19 301 728 140 1547 1114 
6   837 1113 731 141 734 298 
6   837 297 734 142 737 299 
12   19 1115 1553 961 1556 1116 837 298 737 143 740 300 
6   19 299 740 144 743 301 
6   19 300 743 145 728 296 
5   20 305 530 62 0 
5   20 0 86 585 304 
6   20 303 585 146 747 305 
6   20 304 747 147 530 302 
6   21 311 533 63 532 307 
6   21 306 532 147 748 308 
6   21 307 748 148 595 309 
6   21 308 595 90 594 310 
6   21 309 594 149 750 311 
6   21 310 750 150 533 306 
5   22 0 64 535 313 
6   22 312 535 150 751 314 
6   22 313 751 151 611 315 
5   22 314 611 96 0 
5   23 319 536 65 0 
5   23 0 99 619 318 
6   23 317 619 152 753 319 
6   23 318 753 153 536 316 
6   24 325 539 66 538 321 
6   24 320 538 153 754 322 
6   24 321 754 154 622 323 
6   24 322 622 100 621 324 
6   24 323 621 155 756 325 
6   24 324 756 156 539 320 
5   25 0 67 541 327 
6   25 326 541 156 757 328 
6   25 327 757 157 638 329 
5   25 328 638 106 0 
5   26 333 542 68 0 
5   26 0 109 646 332 
6   26 331 646 158 759 333 
6   26 332 759 159 542 330 
6   27 339 545 69 1360 1151 
6   845 1150 544 159 760 336 
6   845 335 760 160 649 1153 
6   27 1152 1465 110 648 338 
6   27 337 648 161 762 339 
6   27 338 762 162 545 334 
5   28 1634 70 547 341 
6   28 340 547 162 763 342 
6   28 341 763 163 665 343 
5   28 342 665 116 1634 
5   29 347 548 71 1634 
5   29 1634 119 673 346 
6   29 345 673 164 765 347 
6   29 346 765 165 548 344 
6   30 353 551 72 550 349 
6   30 348 550 165 766 350 
6   30 349 766 166 676 351 
6   30 350 676 120 675 352 
6   30 351 675 167 768 353 
6   30 352 768 168 551 348 
5   31 1634 73 553 355 
6   31 354 553 168 769 356 
6   31 355 769 169 692 357 
5   31 356 692 126 1634 
5   32 361 554 74 818 
5   1666 1634 129 700 1994 
6   32 1993 2332 170 771 361 
6   32 360 771 171 554 358 
6   33 367 557 75 556 363 
6   33 362 556 171 772 364 
6   33 363 772 172 703 365 
6   33 364 703 130 702 366 
6   33 365 702 173 774 367 
6   33 366 774 174 557 362 
5   34 818 76 559 369 
6   34 368 559 174 775 370 
6   34 369 775 175 719 371 
5   34 370 719 136 818 
5   35 375 560 77 818 
5   35 818 139 727 374 
6   35 373 727 176 777 375 
6   35 374 777 177 560 372 
6   36 381 563 78 1378 1193 
6   854 1192 562 177 778 378 
6   854 377 778 178 730 1195 
6   36 1194 1546 140 729 380 
6   36 379 729 179 780 381 
6   36 380 780 180 563 376 
5   37 0 79 565 383 
6   37 382 565 180 781 384 
6   37 383 781 181 586 385 
5   37 384 586 87 0 
6   38 391 568 80 567 387 
6   38 386 567 182 783 388 
6   38 387 783 183 604 389 
6   38 388 604 93 603 390 
6   38 389 603 184 786 391 
6   38 390 786 185 568 386 
6   39 397 571 81 570 393 
6   39 392 570 185 787 394 
6   39 393 787 186 739 395 
6   39 394 739 143 738 396 
6   39 395 738 187 789 397 
6   39 396 789 188 571 392 
6   40 403 574 82 573 399 
6   40 398 573 188 790 400 
6   40 399 790 189 712 401 
6   40 400 712 133 711 402 
6   40 401 711 190 792 403 
6   40 402 792 191 574 398 
6   41 409 577 83 576 405 
6   41 404 576 191 793 406 
6   41 405 793 192 685 407 
6   41 406 685 123 684 408 
6   41 407 684 193 795 409 
6   41 408 795 194 577 404 
6   42 415 580 84 579 411 
6   42 410 579 194 796 412 
6   42 411 796 195 658 413 
6   42 412 658 113 657 414 
6   42 413 657 196 798 415 
6   42 414 798 197 580 410 
6   43 421 583 85 582 417 
6   43 416 582 197 799 418 
6   43 417 799 198 631 419 
6   43 418 631 103 630 420 
6   43 419 630 199 782 421 
6   43 420 782 182 583 416 
6   44 427 589 88 588 423 
6   44 422 588 181 779 424 
6   44 423 779 179 745 425 
6   44 424 745 145 744 426 
6   44 425 744 200 801 427 
6   44 426 801 201 589 422 
6   45 433 592 89 591 429 
6   45 428 591 201 802 430 
6   45 429 802 202 598 431 
6   45 430 598 91 597 432 
6   45 431 597 148 746 433 
6   45 432 746 146 592 428 
6   46 439 601 92 600 435 
6   46 434 600 202 800 436 
6   46 435 800 200 742 437 
6   46 436 742 144 741 438 
6   46 437 741 186 785 439 
6   46 438 785 184 601 434 
6   47 445 607 94 606 441 
6   47 440 606 183 784 442 
6   47 441 784 199 628 443 
6   47 442 628 102 627 444 
6   47 443 627 203 804 445 
6   47 444 804 204 607 440 
6   48 451 610 95 609 447 
6   48 446 609 204 805 448 
6   48 447 805 205 614 449 
6   48 448 614 97 613 450 
6   48 449 613 151 749 451 
6   48 450 749 149 610 446 
6   49 457 617 98 616 453 
6   49 452 616 205 803 454 
6   49 453 803 203 625 455 
6   49 454 625 101 624 456 
6   49 455 624 154 752 457 
6   49 456 752 152 617 452 
6   50 463 634 104 633 459 
6   50 458 633 198 797 460 
6   50 459 797 196 655 461 
6   50 460 655 112 654 462 
6   50 461 654 206 807 463 
6   50 462 807 207 634 458 
6   51 469 637 105 636 465 
6   51 464 636 207 808 466 
6   51 465 808 208 641 467 
6   51 466 641 107 640 468 
6   51 467 640 157 755 469 
6   51 468 755 155 637 464 
6   52 475 644 108 643 471 
6   52 470 643 208 806 472 
6   52 471 806 206 652 473 
6   52 472 652 111 651 474 
6   52 473 651 160 758 475 
6   52 474 758 158 644 470 
6   53 481 661 114 660 477 
6   53 476 660 195 794 478 
6   53 477 794 193 682 479 
6   53 478 682 122 681 480 
6   53 479 681 209 810 481 
6   53 480 810 210 661 476 
6   54 487 664 115 663 483 
6   54 482 663 210 811 484 
6   54 483 811 211 668 485 
6   54 484 668 117 667 486 
6   54 485 667 163 761 487 
6   54 486 761 161 664 482 
6   55 493 671 118 670 489 
6   55 488 670 211 809 490 
6   55 489 809 209 679 491 
6   55 490 679 121 678 492 
6   55 491 678 166 764 493 
6   55 492 764 164 671 488 
6   56 499 688 124 687 495 
6   56 494 687 192 791 496 
6   56 495 791 190 709 497 
6   56 496 709 132 708 498 
12   56 497 708 212 2445 2131 1690 2130 2340 1846 813 499 
6   56 498 813 213 688 494 
6   57 505 691 125 690 501 
6   57 500 690 213 814 502 
6   57 501 814 214 695 503 
6   57 502 695 127 694 504 
6   57 503 694 169 767 505 
6   57 504 767 167 691 500 
6   1692 2143 698 128 697 507 
6   1692 506 697 214 812 2140 
6   58 2139 2444 212 706 509 
6   58 508 706 131 705 510 
6   58 509 705 172 770 511 
6   58 510 770 170 2330 2138 
6   59 517 715 134 714 513 
6   59 512 714 189 788 514 
6   59 513 788 187 736 515 
6   59 514 736 142 735 516 
6   59 515 735 215 816 517 
6   59 516 816 216 715 512 
6   60 523 718 135 717 519 
6   60 518 717 216 817 520 
6   60 519 817 217 722 521 
6   60 520 722 137 721 522 
6   60 521 721 175 773 523 
6   60 522 773 173 718 518 
6   61 529 725 138 724 525 
6   61 524 724 217 815 526 
6   61 525 815 215 733 527 
6   61 526 733 141 732 528 
6   61 527 732 178 776 529 
6   61 528 776 176 725 524 
6   62 302 305 147 532 531 
6   62 530 532 63 219 218 
6   63 531 530 147 307 306 
6   63 306 311 150 535 534 
6   63 533 535 64 220 219 
6   64 534 533 150 313 312 
6   65 316 319 153 538 537 
6   65 536 538 66 222 221 
6   66 537 536 153 321 320 
6   66 320 325 156 541 540 
6   66 539 541 67 223 222 
6   67 540 539 156 327 326 
6   68 330 333 159 544 543 
6   68 542 544 887 1043 224 
6   887 543 542 159 335 1150 
6   69 334 339 162 547 546 
6   69 545 547 70 226 225 
6   70 546 545 162 341 340 
6   71 344 347 165 550 549 
6   71 548 550 72 228 227 
6   72 549 548 165 349 348 
6   72 348 353 168 553 552 
6   72 551 553 73 229 228 
6   73 552 551 168 355 354 
6   74 358 361 171 556 555 
6   74 554 556 75 231 230 
6   75 555 554 171 363 362 
6   75 362 367 174 559 558 
6   75 557 559 76 232 231 
6   76 558 557 174 369 368 
6   77 372 375 177 562 561 
6   77 560 562 896 1052 233 
6   896 561 560 177 377 1192 
6   78 376 381 180 565 564 
6   78 563 565 79 235 234 
6   79 564 563 180 383 382 
6   80 236 241 85 583 567 
6   80 566 583 182 387 386 
6   80 386 391 185 570 569 
6   80 568 570 81 237 236 
6   81 569 568 185 393 392 
6   81 392 397 188 573 572 
6   81 571 573 82 238 237 
6   82 572 571 188 399 398 
6   82 398 403 191 576 575 
6   82 574 576 83 239 238 
6   83 575 574 191 405 404 
6   83 404 409 194 579 578 
6   83 577 579 84 240 239 
6   84 578 577 194 411 410 
6   84 410 415 197 582 581 
6   84 580 582 85 241 240 
6   85 581 580 197 417 416 
6   85 416 421 182 567 566 
6   86 242 245 89 592 585 
6   86 584 592 146 304 303 
6   87 385 384 181 588 587 
6   87 586 588 88 244 243 
6   88 587 586 181 423 422 
6   88 422 427 201 591 590 
6   88 589 591 89 245 244 
6   89 590 589 201 429 428 
6   89 428 433 146 585 584 
6   90 246 251 95 610 594 
6   90 593 610 149 310 309 
6   90 309 308 148 597 596 
6   90 595 597 91 247 246 
6   91 596 595 148 432 431 
6   91 431 430 202 600 599 
6   91 598 600 92 248 247 
6   92 599 598 202 435 434 
6   92 434 439 184 603 602 
6   92 601 603 93 249 248 
6   93 602 601 184 390 389 
6   93 389 388 183 606 605 
6   93 604 606 94 250 249 
6   94 605 604 183 441 440 
6   94 440 445 204 609 608 
6   94 607 609 95 251 250 
6   95 608 607 204 447 446 
6   95 446 451 149 594 593 
6   96 315 314 151 613 612 
6   96 611 613 97 253 252 
6   97 612 611 151 450 449 
6   97 449 448 205 616 615 
6   97 614 616 98 254 253 
6   98 615 614 205 453 452 
6   98 452 457 152 619 618 
6   98 617 619 99 255 254 
6   99 618 617 152 318 317 
6   100 256 261 105 637 621 
6   100 620 637 155 324 323 
6   100 323 322 154 624 623 
6   100 622 624 101 257 256 
6   101 623 622 154 456 455 
6   101 455 454 203 627 626 
6   101 625 627 102 258 257 
6   102 626 625 203 444 443 
6   102 443 442 199 630 629 
6   102 628 630 103 259 258 
6   103 629 628 199 420 419 
6   103 419 418 198 633 632 
6   103 631 633 104 260 259 
6   104 632 631 198 459 458 
6   104 458 463 207 636 635 
6   104 634 636 105 261 260 
6   105 635 634 207 465 464 
6   105 464 469 155 621 620 
6   106 329 328 157 640 639 
6   106 638 640 107 263 262 
6   107 639 638 157 468 467 
6   107 467 466 208 643 642 
6   107 641 643 108 264 263 
6   108 642 641 208 471 470 
6   108 470 475 158 646 645 
6   108 644 646 109 265 264 
6   109 645 644 158 332 331 
6   110 266 271 115 664 648 
6   110 647 664 161 338 337 
6   928 1153 336 160 651 650 
6   928 649 651 111 267 1084 
6   111 650 649 160 474 473 
6   111 473 472 206 654 653 
6   111 652 654 112 268 267 
6   112 653 652 206 462 461 
6   112 461 460 196 657 656 
6   112 655 657 113 269 268 
6   113 656 655 196 414 413 
6   113 413 412 195 660 659 
6   113 658 660 114 270 269 
6   114 659 658 195 477 476 
6   114 476 481 210 663 662 
6   114 661 663 115 271 270 
6   115 662 661 210 483 482 
6   115 482 487 161 648 647 
6   116 343 342 163 667 666 
6   116 665 667 117 273 272 
6   117 666 665 163 486 485 
6   117 485 484 211 670 669 
6   117 668 670 118 274 273 
6   118 669 668 211 489 488 
6   118 488 493 164 673 672 
6   118 671 673 119 275 274 
6   119 672 671 164 346 345 
6   120 276 281 125 691 675 
6   120 674 691 167 352 351 
6   120 351 350 166 678 677 
6   120 676 678 121 277 276 
6   121 677 676 166 492 491 
6   121 491 490 209 681 680 
6   121 679 681 122 278 277 
6   122 680 679 209 480 479 
6   122 479 478 193 684 683 
6   122 682 684 123 279 278 
6   123 683 682 193 408 407 
6   123 407 406 192 687 686 
6   123 685 687 124 280 279 
6   124 686 685 192 495 494 
6   124 494 499 213 690 689 
6   124 688 690 125 281 280 
6   125 689 688 213 501 500 
6   125 500 505 167 675 674 
6   126 357 356 169 694 693 
6   126 692 694 127 283 282 
6   127 693 692 169 504 503 
6   127 503 502 214 697 696 
6   127 695 697 128 284 283 
6   128 696 695 214 507 506 
6   128 506 2143 1804 700 699 
6   128 698 700 129 285 284 
6   129 699 698 1804 1994 359 
6   130 286 291 135 718 702 
6   130 701 718 173 366 365 
6   130 365 364 172 705 704 
6   130 703 705 131 287 286 
6   131 704 703 172 510 509 
6   131 509 508 212 708 707 
6   131 706 708 132 288 287 
6   132 707 706 212 498 497 
6   132 497 496 190 711 710 
6   132 709 711 133 289 288 
6   133 710 709 190 402 401 
6   133 401 400 189 714 713 
6   133 712 714 134 290 289 
6   134 713 712 189 513 512 
6   134 512 517 216 717 716 
6   134 715 717 135 291 290 
6   135 716 715 216 519 518 
6   135 518 523 173 702 701 
6   136 371 370 175 721 720 
6   136 719 721 137 293 292 
6   137 720 719 175 522 521 
6   137 521 520 217 724 723 
6   137 722 724 138 294 293 
6   138 723 722 217 525 524 
6   138 524 529 176 727 726 
6   138 725 727 139 295 294 
6   139 726 725 176 374 373 
6   140 296 301 145 745 729 
6   140 728 745 179 380 379 
6   958 1195 378 178 732 731 
6   958 730 732 141 297 1113 
6   141 731 730 178 528 527 
6   141 527 526 215 735 734 
6   141 733 735 142 298 297 
6   142 734 733 215 516 515 
6   142 515 514 187 738 737 
6   142 736 738 143 299 298 
6   143 737 736 187 396 395 
6   143 395 394 186 741 740 
6   143 739 741 144 300 299 
6   144 740 739 186 438 437 
6   144 437 436 200 744 743 
6   144 742 744 145 301 300 
6   145 743 742 200 426 425 
6   145 425 424 179 729 728 
6   146 433 432 148 748 747 
6   146 746 748 147 305 304 
6   147 747 746 148 308 307 
6   149 451 450 151 751 750 
6   149 749 751 150 311 310 
6   150 750 749 151 314 313 
6   152 457 456 154 754 753 
6   152 752 754 153 319 318 
6   153 753 752 154 322 321 
6   155 469 468 157 757 756 
6   155 755 757 156 325 324 
6   156 756 755 157 328 327 
6   158 475 474 160 760 759 
6   158 758 760 159 333 332 
6   159 759 758 160 336 335 
6   161 487 486 163 763 762 
6   161 761 763 162 339 338 
6   162 762 761 163 342 341 
6   164 493 492 166 766 765 
6   164 764 766 165 347 346 
6   165 765 764 166 350 349 
6   167 505 504 169 769 768 
6   167 767 769 168 353 352 
6   168 768 767 169 356 355 
6   170 511 510 172 772 771 
6   170 770 772 171 361 360 
6   171 771 770 172 364 363 
6   173 523 522 175 775 774 
6   173 773 775 174 367 366 
6   174 774 773 175 370 369 
6   176 529 528 178 778 777 
6   176 776 778 177 375 374 
6   177 777 776 178 378 377 
6   179 424 423 181 781 780 
6   179 779 781 180 381 380 
6   180 780 779 181 384 383 
6   182 421 420 199 784 783 
6   182 782 784 183 388 387 
6   183 783 782 199 442 441 
6   184 439 438 186 787 786 
6   184 785 787 185 391 390 
6   185 786 785 186 394 393 
6   187 514 513 189 790 789 
6   187 788 790 188 397 396 
6   188 789 788 189 400 399 
6   190 496 495 192 793 792 
6   190 791 793 191 403 402 
6   191 792 791 192 406 405 
6   193 478 477 195 796 795 
6   193 794 796 194 409 408 
6   194 795 794 195 412 411 
6   196 460 459 198 799 798 
6   196 797 799 197 415 414 
6   197 798 797 198 418 417 
6   200 436 435 202 802 801 
6   200 800 802 201 427 426 
6   201 801 800 202 430 429 
6   203 454 453 205 805 804 
6   203 803 805 204 445 444 
6   204 804 803 205 448 447 
6   206 472 471 208 808 807 
6   206 806 808 207 463 462 
6   207 807 806 208 466 465 
6   209 490 489 211 811 810 
6   209 809 811 210 481 480 
6   210 810 809 211 484 483 
6   1846 2140 507 214 814 813 
6   1846 812 814 213 499 498 
6   213 813 812 214 502 501 
6   215 526 525 217 817 816 
6   215 815 817 216 517 516 
6   216 816 815 217 520 519 
96   1053 897 1198 855 1201 905 1061 826 1060 904 1119 838 1118 880 1036 819 1038 882 1128 840 1131 914 1070 828 1073 917 1133 1657 1950 1699 1855 1636 1857 1701 1960 1659 1963 1740 1896 1646 1899 1743 1965 1660 1964 1702 1858 1637 1860 1704 1974 1662 1977 1750 1906 1648 1909 1753 1979 1663 1978 1705 1861 1638 1863 1707 1988 1665 1991 1760 1916 1650 1919 1763 1993 32 358 74 230 5 232 76 368 34 371 136 292 18 295 139 373 35 372 77 233 824 
4   818 1036 1037 1038 
4   1634 1039 1040 1041 
4   0 224 1043 1044 
4   0 1045 1046 1047 
4   0 1048 1049 1050 
4   818 233 1052 1053 
6   1054 1055 1056 1057 1058 1059 
5   1060 818 1061 1062 1063 
6   1064 1065 1066 1067 1068 1069 
5   1070 1071 1072 1073 818 
6   1074 1075 1076 1077 1078 1079 
5   1080 1081 1082 1083 1634 
6   1084 267 268 269 1087 1088 
5   1089 1090 1091 1092 0 
6   1093 1094 1095 1096 1097 1098 
5   1099 1100 1101 1102 0 
6   1103 1104 1105 1106 1107 1108 
5   1109 1110 1111 1112 0 
6   1113 297 298 299 1116 1117 
5   1118 818 1119 1120 1121 
6   1122 1123 1124 1125 1126 1127 
5   1128 1129 1130 1131 818 
5   1132 1634 1951 1134 1135 
6   1136 1137 1138 1139 1140 1141 
5   1142 1143 1144 1145 1634 
5   1146 1634 1147 1148 1149 
6   1150 335 336 1153 1154 1155 
5   1156 1157 1158 1159 0 
5   1160 0 1161 1162 1163 
6   1164 1165 1166 1167 1168 1169 
5   1170 1171 1172 1173 0 
5   1174 0 1175 1176 1177 
6   1178 1179 1180 1181 1182 1183 
5   1184 1185 1186 1187 0 
5   1188 0 1189 1190 1191 
6   1192 377 378 1195 1196 1197 
5   1198 1199 1200 1201 818 
6   1202 1203 1204 1205 1206 1207 
6   1208 1209 1210 1211 1212 1213 
6   1214 1215 1216 1217 1218 1219 
6   1220 1221 1222 1223 1224 1225 
6   1226 1227 1228 1229 1230 1231 
6   1232 1233 1234 1235 1236 1237 
6   1238 1239 1240 1241 1242 1243 
6   1244 1245 1246 1247 1248 1249 
6   1250 1251 1252 1253 1254 1255 
6   1256 1257 1258 1259 1260 1261 
6   1262 1263 1264 1265 1266 1267 
6   2085 2086 1270 1271 1272 1273 
6   1274 1275 1276 1277 1278 1279 
6   1280 1281 1282 1283 1284 1285 
6   1286 1287 1288 1289 1290 1291 
6   1292 1293 1294 1295 1296 1297 
6   1298 1299 1300 1301 1302 1303 
6   1304 1305 1306 1307 1308 1309 
6   1310 1311 1312 1313 1314 1315 
6   1316 1317 1318 1319 1320 1321 
6   1322 1323 1324 1325 1326 1327 
6   1328 1329 1330 1331 1332 1333 
6   1334 1335 1336 1337 1338 1339 
6   1340 1341 1342 1343 1344 1345 
5   1036 818 1118 1346 1347 
6   1037 1347 1348 1122 1349 1350 
5   1038 1350 1351 1128 818 
5   1039 1634 1132 1352 1353 
6   1040 1353 1354 1136 1355 1356 
5   1041 1356 1357 1142 1634 
5   1042 1634 1146 1358 1359 
6   1043 543 544 1150 1361 1362 
5   1044 1362 1363 1156 0 
5   1045 0 1160 1364 1365 
6   1046 1365 1366 1164 1367 1368 
5   1047 1368 1369 1170 0 
5   1048 0 1174 1370 1371 
6   1049 1371 1372 1178 1373 1374 
5   1050 1374 1375 1184 0 
5   1051 0 1188 1376 1377 
6   1052 561 562 1192 1379 1380 
5   1053 1380 1381 1198 818 
6   1054 1382 1383 1202 1384 1385 
6   1055 1385 1386 1208 1387 1388 
6   1056 1388 1389 1214 1390 1391 
6   1057 1391 1392 1220 1393 1394 
6   1058 1394 1395 1226 1396 1397 
6   1059 1397 1398 1232 1399 1382 
5   1060 1400 1401 1119 818 
5   1061 818 1201 1402 1403 
6   1062 1403 1404 1238 1405 1406 
6   1063 1406 1407 1244 1408 1400 
6   1064 1409 1410 1125 1411 1412 
6   1065 1412 1413 1247 1414 1415 
6   1066 1415 1416 1250 1417 1418 
6   1067 1418 1419 1205 1420 1421 
6   1068 1421 1422 1256 1423 1424 
6   1069 1424 1425 1262 1426 1409 
5   1070 818 1131 1427 1428 
6   1071 1428 1429 1265 1430 1431 
6   1072 1431 1432 1268 1433 1434 
5   1073 1434 1435 1133 818 
6   1074 1436 1437 1139 1438 1439 
6   1075 1439 1440 1271 1441 1442 
6   1076 1442 1443 1259 1444 1445 
6   1077 1445 1446 1235 1447 1448 
6   1078 1448 1449 1274 1450 1451 
6   1079 1451 1452 1280 1453 1436 
5   1080 1634 1145 1454 1455 
6   1081 1455 1456 1283 1457 1458 
6   1082 1458 1459 1286 1460 1461 
5   1083 1461 1462 1147 1634 
6   1084 1463 1464 1153 649 650 
6   1085 1466 1467 1289 1468 1469 
6   1086 1469 1470 1277 1471 1472 
6   269 1472 1473 1229 1474 1475 
6   1087 1475 1476 1292 1477 1478 
6   1088 1478 1479 1298 1480 1463 
5   1089 0 1159 1481 1482 
6   1090 1482 1483 1301 1484 1485 
6   1091 1485 1486 1304 1487 1488 
5   1092 1488 1489 1161 0 
6   1093 1490 1491 1167 1492 1493 
6   1094 1493 1494 1307 1495 1496 
6   1095 1496 1497 1295 1498 1499 
6   1096 1499 1500 1223 1501 1502 
6   1097 1502 1503 1310 1504 1505 
6   1098 1505 1506 1316 1507 1490 
5   1099 0 1173 1508 1509 
6   1100 1509 1510 1319 1511 1512 
6   1101 1512 1513 1322 1514 1515 
5   1102 1515 1516 1175 0 
6   1103 1517 1518 1181 1519 1520 
6   1104 1520 1521 1325 1522 1523 
6   1105 1523 1524 1313 1525 1526 
6   1106 1526 1527 1217 1528 1529 
6   1107 1529 1530 1328 1531 1532 
6   1108 1532 1533 1334 1534 1517 
5   1109 0 1187 1535 1536 
6   1110 1536 1537 1337 1538 1539 
6   1111 1539 1540 1340 1541 1542 
5   1112 1542 1543 1189 0 
6   1113 1544 1545 1195 730 731 
6   1114 1547 1548 1343 1549 1550 
6   1115 1550 1551 1331 1552 1553 
6   299 1553 1554 1211 1555 1556 
6   1116 1556 1557 1253 1558 1559 
6   1117 1559 1560 1241 1561 1544 
6   1120 1401 1408 1249 1562 1563 
6   1121 1563 1564 1123 1348 1346 
6   1124 1564 1562 1248 1413 1411 
6   1126 1410 1426 1267 1565 1566 
6   1127 1566 1567 1129 1351 1349 
6   1130 1567 1565 1266 1429 1427 
6   1134 2251 2249 1273 1568 1569 
6   1135 1569 1570 1137 1354 1352 
6   1138 1570 1568 1272 1440 1438 
6   1140 1437 1453 1285 1571 1572 
6   1141 1572 1573 1143 1357 1355 
6   1144 1573 1571 1284 1456 1454 
6   1148 1462 1460 1291 1574 1575 
6   1149 1575 1576 1151 1360 1358 
6   1152 1576 1574 1290 1467 1465 
6   1154 1464 1480 1303 1577 1578 
6   1155 1578 1579 1157 1363 1361 
6   1158 1579 1577 1302 1483 1481 
6   1162 1489 1487 1309 1580 1581 
6   1163 1581 1582 1165 1366 1364 
6   1166 1582 1580 1308 1494 1492 
6   1168 1491 1507 1321 1583 1584 
6   1169 1584 1585 1171 1369 1367 
6   1172 1585 1583 1320 1510 1508 
6   1176 1516 1514 1327 1586 1587 
6   1177 1587 1588 1179 1372 1370 
6   1180 1588 1586 1326 1521 1519 
6   1182 1518 1534 1339 1589 1590 
6   1183 1590 1591 1185 1375 1373 
6   1186 1591 1589 1338 1537 1535 
6   1190 1543 1541 1345 1592 1593 
6   1191 1593 1594 1193 1378 1376 
6   1194 1594 1592 1344 1548 1546 
6   1196 1545 1561 1240 1595 1596 
6   1197 1596 1597 1199 1381 1379 
6   1200 1597 1595 1239 1404 1402 
6   1203 1383 1399 1237 1598 1599 
6   1204 1599 1600 1257 1422 1420 
6   1206 1419 1417 1255 1601 1602 
6   1207 1602 1603 1209 1386 1384 
6   1210 1603 1601 1254 1557 1555 
6   1212 1554 1552 1330 1604 1605 
6   1213 1605 1606 1215 1389 1387 
6   1216 1606 1604 1329 1530 1528 
6   1218 1527 1525 1312 1607 1608 
6   1219 1608 1609 1221 1392 1390 
6   1222 1609 1607 1311 1503 1501 
6   1224 1500 1498 1294 1610 1611 
6   1225 1611 1612 1227 1395 1393 
6   1228 1612 1610 1293 1476 1474 
6   1230 1473 1471 1276 1613 1614 
6   1231 1614 1615 1233 1398 1396 
6   1234 1615 1613 1275 1449 1447 
6   1236 1446 1444 1258 1600 1598 
6   1242 1560 1558 1252 1616 1617 
6   1243 1617 1618 1245 1407 1405 
6   1246 1618 1616 1251 1416 1414 
6   1260 1443 1441 1270 2435 2436 
6   1261 1620 1621 1263 1425 1423 
6   1264 1621 1619 1269 1432 1430 
6   1278 1470 1468 1288 1622 1623 
6   1279 1623 1624 1281 1452 1450 
6   1282 1624 1622 1287 1459 1457 
6   1296 1497 1495 1306 1625 1626 
6   1297 1626 1627 1299 1479 1477 
6   1300 1627 1625 1305 1486 1484 
6   1314 1524 1522 1324 1628 1629 
6   1315 1629 1630 1317 1506 1504 
6   1318 1630 1628 1323 1513 1511 
6   1332 1551 1549 1342 1631 1632 
6   1333 1632 1633 1335 1533 1531 
6   1336 1633 1631 1341 1540 1538 
5   819 818 880 1347 1037 
6   819 1036 1347 881 1350 1038 
5   819 1037 1350 882 818 
5   820 1634 883 1353 1040 
6   820 1039 1353 884 1356 1041 
5   820 1040 1356 885 1634 
5   3 1634 886 1359 225 
6   821 224 543 887 1362 1044 
5   821 1043 1362 888 0 
5   822 0 889 1365 1046 
6   822 1045 1365 890 1368 1047 
5   822 1046 1368 891 0 
5   823 0 892 1371 1049 
6   823 1048 1371 893 1374 1050 
5   823 1049 1374 894 0 
5   6 0 895 1377 234 
6   824 233 561 896 1380 1053 
5   824 1052 1380 897 818 
6   825 1059 1382 898 1385 1055 
6   825 1054 1385 899 1388 1056 
6   825 1055 1388 900 1391 1057 
6   825 1056 1391 901 1394 1058 
6   825 1057 1394 902 1397 1059 
6   825 1058 1397 903 1382 1054 
5   826 1063 1400 904 818 
5   826 818 905 1403 1062 
6   826 1061 1403 906 1406 1063 
6   826 1062 1406 907 1400 1060 
6   827 1069 1409 908 1412 1065 
6   827 1064 1412 909 1415 1066 
6   827 1065 1415 910 1418 1067 
6   827 1066 1418 911 1421 1068 
6   827 1067 1421 912 1424 1069 
6   827 1068 1424 913 1409 1064 
5   828 818 914 1428 1071 
6   828 1070 1428 915 1431 1072 
6   828 1071 1431 916 1434 1073 
5   828 1072 1434 917 818 
6   829 1079 1436 918 1439 1075 
6   829 1074 1439 919 1442 1076 
6   829 1075 1442 920 1445 1077 
6   829 1076 1445 921 1448 1078 
6   829 1077 1448 922 1451 1079 
6   829 1078 1451 923 1436 1074 
5   830 1634 924 1455 1081 
6   830 1080 1455 925 1458 1082 
6   830 1081 1458 926 1461 1083 
5   830 1082 1461 927 1634 
6   831 1088 1463 928 650 267 
6   13 266 1466 929 1469 1086 
6   13 1085 1469 930 1472 269 
6   831 269 1475 932 1478 1088 
6   831 1087 1478 933 1463 1084 
5   832 0 934 1482 1090 
6   832 1089 1482 935 1485 1091 
6   832 1090 1485 936 1488 1092 
5   832 1091 1488 937 0 
6   833 1098 1490 938 1493 1094 
6   833 1093 1493 939 1496 1095 
6   833 1094 1496 940 1499 1096 
6   833 1095 1499 941 1502 1097 
6   833 1096 1502 942 1505 1098 
6   833 1097 1505 943 1490 1093 
5   834 0 944 1509 1100 
6   834 1099 1509 945 1512 1101 
6   834 1100 1512 946 1515 1102 
5   834 1101 1515 947 0 
6   835 1108 1517 948 1520 1104 
6   835 1103 1520 949 1523 1105 
6   835 1104 1523 950 1526 1106 
6   835 1105 1526 951 1529 1107 
6   835 1106 1529 952 1532 1108 
6   835 1107 1532 953 1517 1103 
5   836 0 954 1536 1110 
6   836 1109 1536 955 1539 1111 
6   836 1110 1539 956 1542 1112 
5   836 1111 1542 957 0 
6   837 1117 1544 958 731 297 
6   19 296 1547 959 1550 1115 
6   19 1114 1550 960 1553 299 
6   837 299 1556 962 1559 1117 
6   837 1116 1559 963 1544 1113 
5   838 1121 1346 880 818 
5   838 818 904 1401 1120 
6   838 1119 1401 964 1563 1121 
6   838 1120 1563 965 1346 1118 
6   839 1127 1349 881 1348 1123 
6   839 1122 1348 965 1564 1124 
6   839 1123 1564 966 1411 1125 
6   839 1124 1411 908 1410 1126 
6   839 1125 1410 967 1566 1127 
6   839 1126 1566 968 1349 1122 
5   840 818 882 1351 1129 
6   840 1128 1351 968 1567 1130 
6   840 1129 1567 969 1427 1131 
5   840 1130 1427 914 818 
5   841 1135 1352 883 1634 
5   1657 818 917 1435 1952 
6   841 1951 2251 970 1569 1135 
6   841 1134 1569 971 1352 1132 
6   842 1141 1355 884 1354 1137 
6   842 1136 1354 971 1570 1138 
6   842 1137 1570 972 1438 1139 
6   842 1138 1438 918 1437 1140 
6   842 1139 1437 973 1572 1141 
6   842 1140 1572 974 1355 1136 
5   843 1634 885 1357 1143 
6   843 1142 1357 974 1573 1144 
6   843 1143 1573 975 1454 1145 
5   843 1144 1454 924 1634 
5   844 1149 1358 886 1634 
5   844 1634 927 1462 1148 
6   844 1147 1462 976 1575 1149 
6   844 1148 1575 977 1358 1146 
6   845 1155 1361 887 544 335 
6   27 334 1360 977 1576 1152 
6   27 1151 1576 978 1465 337 
6   845 336 649 928 1464 1154 
6   845 1153 1464 979 1578 1155 
6   845 1154 1578 980 1361 1150 
5   846 0 888 1363 1157 
6   846 1156 1363 980 1579 1158 
6   846 1157 1579 981 1481 1159 
5   846 1158 1481 934 0 
5   847 1163 1364 889 0 
5   847 0 937 1489 1162 
6   847 1161 1489 982 1581 1163 
6   847 1162 1581 983 1364 1160 
6   848 1169 1367 890 1366 1165 
6   848 1164 1366 983 1582 1166 
6   848 1165 1582 984 1492 1167 
6   848 1166 1492 938 1491 1168 
6   848 1167 1491 985 1584 1169 
6   848 1168 1584 986 1367 1164 
5   849 0 891 1369 1171 
6   849 1170 1369 986 1585 1172 
6   849 1171 1585 987 1508 1173 
5   849 1172 1508 944 0 
5   850 1177 1370 892 0 
5   850 0 947 1516 1176 
6   850 1175 1516 988 1587 1177 
6   850 1176 1587 989 1370 1174 
6   851 1183 1373 893 1372 1179 
6   851 1178 1372 989 1588 1180 
6   851 1179 1588 990 1519 1181 
6   851 1180 1519 948 1518 1182 
6   851 1181 1518 991 1590 1183 
6   851 1182 1590 992 1373 1178 
5   852 0 894 1375 1185 
6   852 1184 1375 992 1591 1186 
6   852 1185 1591 993 1535 1187 
5   852 1186 1535 954 0 
5   853 1191 1376 895 0 
5   853 0 957 1543 1190 
6   853 1189 1543 994 1593 1191 
6   853 1190 1593 995 1376 1188 
6   854 1197 1379 896 562 377 
6   36 376 1378 995 1594 1194 
6   36 1193 1594 996 1546 379 
6   854 378 730 958 1545 1196 
6   854 1195 1545 997 1596 1197 
6   854 1196 1596 998 1379 1192 
5   855 818 897 1381 1199 
6   855 1198 1381 998 1597 1200 
6   855 1199 1597 999 1402 1201 
5   855 1200 1402 905 818 
6   856 1207 1384 898 1383 1203 
6   856 1202 1383 1000 1599 1204 
6   856 1203 1599 1001 1420 1205 
6   856 1204 1420 911 1419 1206 
6   856 1205 1419 1002 1602 1207 
6   856 1206 1602 1003 1384 1202 
6   857 1213 1387 899 1386 1209 
6   857 1208 1386 1003 1603 1210 
6   857 1209 1603 1004 1555 1211 
6   857 1210 1555 961 1554 1212 
6   857 1211 1554 1005 1605 1213 
6   857 1212 1605 1006 1387 1208 
6   858 1219 1390 900 1389 1215 
6   858 1214 1389 1006 1606 1216 
6   858 1215 1606 1007 1528 1217 
6   858 1216 1528 951 1527 1218 
6   858 1217 1527 1008 1608 1219 
6   858 1218 1608 1009 1390 1214 
6   859 1225 1393 901 1392 1221 
6   859 1220 1392 1009 1609 1222 
6   859 1221 1609 1010 1501 1223 
6   859 1222 1501 941 1500 1224 
6   859 1223 1500 1011 1611 1225 
6   859 1224 1611 1012 1393 1220 
6   860 1231 1396 902 1395 1227 
6   860 1226 1395 1012 1612 1228 
6   860 1227 1612 1013 1474 1229 
6   860 1228 1474 931 1473 1230 
6   860 1229 1473 1014 1614 1231 
6   860 1230 1614 1015 1396 1226 
6   861 1237 1399 903 1398 1233 
6   861 1232 1398 1015 1615 1234 
6   861 1233 1615 1016 1447 1235 
6   861 1234 1447 921 1446 1236 
6   861 1235 1446 1017 1598 1237 
6   861 1236 1598 1000 1399 1232 
6   862 1243 1405 906 1404 1239 
6   862 1238 1404 999 1595 1240 
6   862 1239 1595 997 1561 1241 
6   862 1240 1561 963 1560 1242 
6   862 1241 1560 1018 1617 1243 
6   862 1242 1617 1019 1405 1238 
6   863 1249 1408 907 1407 1245 
6   863 1244 1407 1019 1618 1246 
6   863 1245 1618 1020 1414 1247 
6   863 1246 1414 909 1413 1248 
6   863 1247 1413 966 1562 1249 
6   863 1248 1562 964 1408 1244 
6   864 1255 1417 910 1416 1251 
6   864 1250 1416 1020 1616 1252 
6   864 1251 1616 1018 1558 1253 
6   864 1252 1558 962 1557 1254 
6   864 1253 1557 1004 1601 1255 
6   864 1254 1601 1002 1417 1250 
6   865 1261 1423 912 1422 1257 
6   865 1256 1422 1001 1600 1258 
6   865 1257 1600 1017 1444 1259 
6   865 1258 1444 920 1443 1260 
12   865 1259 1443 1021 2436 2078 1681 2077 2259 1837 1620 1261 
6   865 1260 1620 1022 1423 1256 
6   866 1267 1426 913 1425 1263 
6   866 1262 1425 1022 1621 1264 
6   866 1263 1621 1023 1430 1265 
6   866 1264 1430 915 1429 1266 
6   866 1265 1429 969 1565 1267 
6   866 1266 1565 967 1426 1262 
6   1683 2090 1433 916 1432 1269 
6   1683 1268 1432 1023 1619 2087 
6   867 2086 2435 1021 1441 1271 
6   867 1270 1441 919 1440 1272 
6   867 1271 1440 972 1568 1273 
6   867 1272 1568 970 2249 2085 
6   868 1279 1450 922 1449 1275 
6   868 1274 1449 1016 1613 1276 
6   868 1275 1613 1014 1471 1277 
6   868 1276 1471 930 1470 1278 
6   868 1277 1470 1024 1623 1279 
6   868 1278 1623 1025 1450 1274 
6   869 1285 1453 923 1452 1281 
6   869 1280 1452 1025 1624 1282 
6   869 1281 1624 1026 1457 1283 
6   869 1282 1457 925 1456 1284 
6   869 1283 1456 975 1571 1285 
6   869 1284 1571 973 1453 1280 
6   870 1291 1460 926 1459 1287 
6   870 1286 1459 1026 1622 1288 
6   870 1287 1622 1024 1468 1289 
6   870 1288 1468 929 1467 1290 
6   870 1289 1467 978 1574 1291 
6   870 1290 1574 976 1460 1286 
6   871 1297 1477 932 1476 1293 
6   871 1292 1476 1013 1610 1294 
6   871 1293 1610 1011 1498 1295 
6   871 1294 1498 940 1497 1296 
6   871 1295 1497 1027 1626 1297 
6   871 1296 1626 1028 1477 1292 
6   872 1303 1480 933 1479 1299 
6   872 1298 1479 1028 1627 1300 
6   872 1299 1627 1029 1484 1301 
6   872 1300 1484 935 1483 1302 
6   872 1301 1483 981 1577 1303 
6   872 1302 1577 979 1480 1298 
6   873 1309 1487 936 1486 1305 
6   873 1304 1486 1029 1625 1306 
6   873 1305 1625 1027 1495 1307 
6   873 1306 1495 939 1494 1308 
6   873 1307 1494 984 1580 1309 
6   873 1308 1580 982 1487 1304 
6   874 1315 1504 942 1503 1311 
6   874 1310 1503 1010 1607 1312 
6   874 1311 1607 1008 1525 1313 
6   874 1312 1525 950 1524 1314 
6   874 1313 1524 1030 1629 1315 
6   874 1314 1629 1031 1504 1310 
6   875 1321 1507 943 1506 1317 
6   875 1316 1506 1031 1630 1318 
6   875 1317 1630 1032 1511 1319 
6   875 1318 1511 945 1510 1320 
6   875 1319 1510 987 1583 1321 
6   875 1320 1583 985 1507 1316 
6   876 1327 1514 946 1513 1323 
6   876 1322 1513 1032 1628 1324 
6   876 1323 1628 1030 1522 1325 
6   876 1324 1522 949 1521 1326 
6   876 1325 1521 990 1586 1327 
6   876 1326 1586 988 1514 1322 
6   877 1333 1531 952 1530 1329 
6   877 1328 1530 1007 1604 1330 
6   877 1329 1604 1005 1552 1331 
6   877 1330 1552 960 1551 1332 
6   877 1331 1551 1033 1632 1333 
6   877 1332 1632 1034 1531 1328 
6   878 1339 1534 953 1533 1335 
6   878 1334 1533 1034 1633 1336 
6   878 1335 1633 1035 1538 1337 
6   878 1336 1538 955 1537 1338 
6   878 1337 1537 993 1589 1339 
6   878 1338 1589 991 1534 1334 
6   879 1345 1541 956 1540 1341 
6   879 1340 1540 1035 1631 1342 
6   879 1341 1631 1033 1549 1343 
6   879 1342 1549 959 1548 1344 
6   879 1343 1548 996 1592 1345 
6   879 1344 1592 994 1541 1340 
6   880 1118 1121 965 1348 1347 
6   880 1346 1348 881 1037 1036 
6   881 1347 1346 965 1123 1122 
6   881 1122 1127 968 1351 1350 
6   881 1349 1351 882 1038 1037 
6   882 1350 1349 968 1129 1128 
6   883 1132 1135 971 1354 1353 
6   883 1352 1354 884 1040 1039 
6   884 1353 1352 971 1137 1136 
6   884 1136 1141 974 1357 1356 
6   884 1355 1357 885 1041 1040 
6   885 1356 1355 974 1143 1142 
6   886 1146 1149 977 1360 1359 
6   886 1358 1360 69 225 1042 
6   69 1359 1358 977 1151 334 
6   887 1150 1155 980 1363 1362 
6   887 1361 1363 888 1044 1043 
6   888 1362 1361 980 1157 1156 
6   889 1160 1163 983 1366 1365 
6   889 1364 1366 890 1046 1045 
6   890 1365 1364 983 1165 1164 
6   890 1164 1169 986 1369 1368 
6   890 1367 1369 891 1047 1046 
6   891 1368 1367 986 1171 1170 
6   892 1174 1177 989 1372 1371 
6   892 1370 1372 893 1049 1048 
6   893 1371 1370 989 1179 1178 
6   893 1178 1183 992 1375 1374 
6   893 1373 1375 894 1050 1049 
6   894 1374 1373 992 1185 1184 
6   895 1188 1191 995 1378 1377 
6   895 1376 1378 78 234 1051 
6   78 1377 1376 995 1193 376 
6   896 1192 1197 998 1381 1380 
6   896 1379 1381 897 1053 1052 
6   897 1380 1379 998 1199 1198 
6   898 1054 1059 903 1399 1383 
6   898 1382 1399 1000 1203 1202 
6   898 1202 1207 1003 1386 1385 
6   898 1384 1386 899 1055 1054 
6   899 1385 1384 1003 1209 1208 
6   899 1208 1213 1006 1389 1388 
6   899 1387 1389 900 1056 1055 
6   900 1388 1387 1006 1215 1214 
6   900 1214 1219 1009 1392 1391 
6   900 1390 1392 901 1057 1056 
6   901 1391 1390 1009 1221 1220 
6   901 1220 1225 1012 1395 1394 
6   901 1393 1395 902 1058 1057 
6   902 1394 1393 1012 1227 1226 
6   902 1226 1231 1015 1398 1397 
6   902 1396 1398 903 1059 1058 
6   903 1397 1396 1015 1233 1232 
6   903 1232 1237 1000 1383 1382 
6   904 1060 1063 907 1408 1401 
6   904 1400 1408 964 1120 1119 
6   905 1201 1200 999 1404 1403 
6   905 1402 1404 906 1062 1061 
6   906 1403 1402 999 1239 1238 
6   906 1238 1243 1019 1407 1406 
6   906 1405 1407 907 1063 1062 
6   907 1406 1405 1019 1245 1244 
6   907 1244 1249 964 1401 1400 
6   908 1064 1069 913 1426 1410 
6   908 1409 1426 967 1126 1125 
6   908 1125 1124 966 1413 1412 
6   908 1411 1413 909 1065 1064 
6   909 1412 1411 966 1248 1247 
6   909 1247 1246 1020 1416 1415 
6   909 1414 1416 910 1066 1065 
6   910 1415 1414 1020 1251 1250 
6   910 1250 1255 1002 1419 1418 
6   910 1417 1419 911 1067 1066 
6   911 1418 1417 1002 1206 1205 
6   911 1205 1204 1001 1422 1421 
6   911 1420 1422 912 1068 1067 
6   912 1421 1420 1001 1257 1256 
6   912 1256 1261 1022 1425 1424 
6   912 1423 1425 913 1069 1068 
6   913 1424 1423 1022 1263 1262 
6   913 1262 1267 967 1410 1409 
6   914 1131 1130 969 1429 1428 
6   914 1427 1429 915 1071 1070 
6   915 1428 1427 969 1266 1265 
6   915 1265 1264 1023 1432 1431 
6   915 1430 1432 916 1072 1071 
6   916 1431 1430 1023 1269 1268 
6   916 1268 2090 1786 1435 1434 
6   916 1433 1435 917 1073 1072 
6   917 1434 1433 1786 1952 1133 
6   918 1074 1079 923 1453 1437 
6   918 1436 1453 973 1140 1139 
6   918 1139 1138 972 1440 1439 
6   918 1438 1440 919 1075 1074 
6   919 1439 1438 972 1272 1271 
6   919 1271 1270 1021 1443 1442 
6   919 1441 1443 920 1076 1075 
6   920 1442 1441 1021 1260 1259 
6   920 1259 1258 1017 1446 1445 
6   920 1444 1446 921 1077 1076 
6   921 1445 1444 1017 1236 1235 
6   921 1235 1234 1016 1449 1448 
6   921 1447 1449 922 1078 1077 
6   922 1448 1447 1016 1275 1274 
6   922 1274 1279 1025 1452 1451 
6   922 1450 1452 923 1079 1078 
6   923 1451 1450 1025 1281 1280 
6   923 1280 1285 973 1437 1436 
6   924 1145 1144 975 1456 1455 
6   924 1454 1456 925 1081 1080 
6   925 1455 1454 975 1284 1283 
6   925 1283 1282 1026 1459 1458 
6   925 1457 1459 926 1082 1081 
6   926 1458 1457 1026 1287 1286 
6   926 1286 1291 976 1462 1461 
6   926 1460 1462 927 1083 1082 
6   927 1461 1460 976 1148 1147 
6   928 1084 1088 933 1480 1464 
6   928 1463 1480 979 1154 1153 
6   110 337 1152 978 1467 1466 
6   110 1465 1467 929 1085 266 
6   929 1466 1465 978 1290 1289 
6   929 1289 1288 1024 1470 1469 
6   929 1468 1470 930 1086 1085 
6   930 1469 1468 1024 1278 1277 
6   930 1277 1276 1014 1473 1472 
6   930 1471 1473 931 269 1086 
6   931 1472 1471 1014 1230 1229 
6   931 1229 1228 1013 1476 1475 
6   931 1474 1476 932 1087 269 
6   932 1475 1474 1013 1293 1292 
6   932 1292 1297 1028 1479 1478 
6   932 1477 1479 933 1088 1087 
6   933 1478 1477 1028 1299 1298 
6   933 1298 1303 979 1464 1463 
6   934 1159 1158 981 1483 1482 
6   934 1481 1483 935 1090 1089 
6   935 1482 1481 981 1302 1301 
6   935 1301 1300 1029 1486 1485 
6   935 1484 1486 936 1091 1090 
6   936 1485 1484 1029 1305 1304 
6   936 1304 1309 982 1489 1488 
6   936 1487 1489 937 1092 1091 
6   937 1488 1487 982 1162 1161 
6   938 1093 1098 943 1507 1491 
6   938 1490 1507 985 1168 1167 
6   938 1167 1166 984 1494 1493 
6   938 1492 1494 939 1094 1093 
6   939 1493 1492 984 1308 1307 
6   939 1307 1306 1027 1497 1496 
6   939 1495 1497 940 1095 1094 
6   940 1496 1495 1027 1296 1295 
6   940 1295 1294 1011 1500 1499 
6   940 1498 1500 941 1096 1095 
6   941 1499 1498 1011 1224 1223 
6   941 1223 1222 1010 1503 1502 
6   941 1501 1503 942 1097 1096 
6   942 1502 1501 1010 1311 1310 
6   942 1310 1315 1031 1506 1505 
6   942 1504 1506 943 1098 1097 
6   943 1505 1504 1031 1317 1316 
6   943 1316 1321 985 1491 1490 
6   944 1173 1172 987 1510 1509 
6   944 1508 1510 945 1100 1099 
6   945 1509 1508 987 1320 1319 
6   945 1319 1318 1032 1513 1512 
6   945 1511 1513 946 1101 1100 
6   946 1512 1511 1032 1323 1322 
6   946 1322 1327 988 1516 1515 
6   946 1514 1516 947 1102 1101 
6   947 1515 1514 988 1176 1175 
6   948 1103 1108 953 1534 1518 
6   948 1517 1534 991 1182 1181 
6   948 1181 1180 990 1521 1520 
6   948 1519 1521 949 1104 1103 
6   949 1520 1519 990 1326 1325 
6   949 1325 1324 1030 1524 1523 
6   949 1522 1524 950 1105 1104 
6   950 1523 1522 1030 1314 1313 
6   950 1313 1312 1008 1527 1526 
6   950 1525 1527 951 1106 1105 
6   951 1526 1525 1008 1218 1217 
6   951 1217 1216 1007 1530 1529 
6   951 1528 1530 952 1107 1106 
6   952 1529 1528 1007 1329 1328 
6   952 1328 1333 1034 1533 1532 
6   952 1531 1533 953 1108 1107 
6   953 1532 1531 1034 1335 1334 
6   953 1334 1339 991 1518 1517 
6   954 1187 1186 993 1537 1536 
6   954 1535 1537 955 1110 1109 
6   955 1536 1535 993 1338 1337 
6   955 1337 1336 1035 1540 1539 
6   955 1538 1540 956 1111 1110 
6   956 1539 1538 1035 1341 1340 
6   956 1340 1345 994 1543 1542 
6   956 1541 1543 957 1112 1111 
6   957 1542 1541 994 1190 1189 
6   958 1113 1117 963 1561 1545 
6   958 1544 1561 997 1196 1195 
6   140 379 1194 996 1548 1547 
6   140 1546 1548 959 1114 296 
6   959 1547 1546 996 1344 1343 
6   959 1343 1342 1033 1551 1550 
6   959 1549 1551 960 1115 1114 
6   960 1550 1549 1033 1332 1331 
6   960 1331 1330 1005 1554 1553 
6   960 1552 1554 961 299 1115 
6   961 1553 1552 1005 1212 1211 
6   961 1211 1210 1004 1557 1556 
6   961 1555 1557 962 1116 299 
6   962 1556 1555 1004 1254 1253 
6   962 1253 1252 1018 1560 1559 
6   962 1558 1560 963 1117 1116 
6   963 1559 1558 1018 1242 1241 
6   963 1241 1240 997 1545 1544 
6   964 1249 1248 966 1564 1563 
6   964 1562 1564 965 1121 1120 
6   965 1563 1562 966 1124 1123 
6   967 1267 1266 969 1567 1566 
6   967 1565 1567 968 1127 1126 
6   968 1566 1565 969 1130 1129 
6   970 1273 1272 972 1570 1569 
6   970 1568 1570 971 1135 1134 
6   971 1569 1568 972 1138 1137 
6   973 1285 1284 975 1573 1572 
6   973 1571 1573 974 1141 1140 
6   974 1572 1571 975 1144 1143 
6   976 1291 1290 978 1576 1575 
6   976 1574 1576 977 1149 1148 
6   977 1575 1574 978 1152 1151 
6   979 1303 1302 981 1579 1578 
6   979 1577 1579 980 1155 1154 
6   980 1578 1577 981 1158 1157 
6   982 1309 1308 984 1582 1581 
6   982 1580 1582 983 1163 1162 
6   983 1581 1580 984 1166 1165 
6   985 1321 1320 987 1585 1584 
6   985 1583 1585 986 1169 1168 
6   986 1584 1583 987 1172 1171 
6   988 1327 1326 990 1588 1587 
6   988 1586 1588 989 1177 1176 
6   989 1587 1586 990 1180 1179 
6   991 1339 1338 993 1591 1590 
6   991 1589 1591 992 1183 1182 
6   992 1590 1589 993 1186 1185 
6   994 1345 1344 996 1594 1593 
6   994 1592 1594 995 1191 1190 
6   995 1593 1592 996 1194 1193 
6   997 1240 1239 999 1597 1596 
6   997 1595 1597 998 1197 1196 
6   998 1596 1595 999 1200 1199 
6   1000 1237 1236 1017 1600 1599 
6   1000 1598 1600 1001 1204 1203 
6   1001 1599 1598 1017 1258 1257 
6   1002 1255 1254 1004 1603 1602 
6   1002 1601 1603 1003 1207 1206 
6   1003 1602 1601 1004 1210 1209 
6   1005 1330 1329 1007 1606 1605 
6   1005 1604 1606 1006 1213 1212 
6   1006 1605 1604 1007 1216 1215 
6   1008 1312 1311 1010 1609 1608 
6   1008 1607 1609 1009 1219 1218 
6   1009 1608 1607 1010 1222 1221 
6   1011 1294 1293 1013 1612 1611 
6   1011 1610 1612 1012 1225 1224 
6   1012 1611 1610 1013 1228 1227 
6   1014 1276 1275 1016 1615 1614 
6   1014 1613 1615 1015 1231 1230 
6   1015 1614 1613 1016 1234 1233 
6   1018 1252 1251 1020 1618 1617 
6   1018 1616 1618 1019 1243 1242 
6   1019 1617 1616 1020 1246 1245 
6   1837 2087 1269 1023 1621 1620 
6   1837 1619 1621 1022 1261 1260 
6   1022 1620 1619 1023 1264 1263 
6   1024 1288 1287 1026 1624 1623 
6   1024 1622 1624 1025 1279 1278 
6   1025 1623 1622 1026 1282 1281 
6   1027 1306 1305 1029 1627 1626 
6   1027 1625 1627 1028 1297 1296 
6   1028 1626 1625 1029 1300 1299 
6   1030 1324 1323 1032 1630 1629 
6   1030 1628 1630 1031 1315 1314 
6   1031 1629 1628 1032 1318 1317 
6   1033 1342 1341 1035 1633 1632 
6   1033 1631 1633 1034 1333 1332 
6   1034 1632 1631 1035 1336 1335 
96   1869 1713 2016 1671 2019 1721 1877 1642 1876 1720 1937 1654 1936 1696 1852 1635 1854 1698 1946 1656 1949 1730 1886 1644 1889 1733 1951 841 1132 883 1039 820 1041 885 1142 843 1145 924 1080 830 1083 927 1147 844 1146 886 1042 3 226 70 340 28 343 116 272 14 275 119 345 29 344 71 227 4 229 73 354 31 357 126 282 16 285 129 359 1666 1992 1708 1864 1639 1866 1710 2002 1668 2005 1770 1926 1652 1929 1773 2007 1669 2006 1711 1867 1640 
4   1634 1852 1853 1854 
4   818 1855 1856 1857 
4   818 1858 1859 1860 
4   818 1861 1862 1863 
4   1634 1864 1865 1866 
4   1634 1867 1868 1869 
6   1870 1871 1872 1873 1874 1875 
5   1876 1634 1877 1878 1879 
6   1880 1881 1882 1883 1884 1885 
5   1886 1887 1888 1889 1634 
6   1890 1891 1892 1893 1894 1895 
5   1896 1897 1898 1899 818 
6   1900 1901 1902 1903 1904 1905 
5   1906 1907 1908 1909 818 
6   1910 1911 1912 1913 1914 1915 
5   1916 1917 1918 1919 818 
6   1920 1921 1922 1923 1924 1925 
5   1926 1927 1928 1929 1634 
6   1930 1931 1932 1933 1934 1935 
5   1936 1634 1937 1938 1939 
6   1940 1941 1942 1943 1944 1945 
5   1946 1947 1948 1949 1634 
5   1950 818 1133 1952 1953 
6   1954 1955 1956 1957 1958 1959 
5   1960 1961 1962 1963 818 
5   1964 818 1965 1966 1967 
6   1968 1969 1970 1971 1972 1973 
5   1974 1975 1976 1977 818 
5   1978 818 1979 1980 1981 
6   1982 1983 1984 1985 1986 1987 
5   1988 1989 1990 1991 818 
5   1992 1634 359 1994 1995 
6   1996 1997 1998 1999 2000 2001 
5   2002 2003 2004 2005 1634 
5   2006 1634 2007 2008 2009 
6   2010 2011 2012 2013 2014 2015 
5   2016 2017 2018 2019 1634 
6   2020 2021 2022 2023 2024 2025 
6   2026 2027 2028 2029 2030 2031 
6   2032 2033 2034 2035 2036 2037 
6   2038 2039 2040 2041 2042 2043 
6   2044 2045 2046 2047 2048 2049 
6   2050 2051 2052 2053 2054 2055 
6   2056 2057 2058 2059 2060 2061 
6   2062 2063 2064 2065 2066 2067 
6   2068 2069 2070 2071 2072 2073 
6   2074 2075 2076 2077 1260 2078 
6   2079 2080 2081 2082 2083 2084 
6   1268 1269 2087 2088 2089 2090 
6   2091 2092 2093 2094 2095 2096 
6   2097 2098 2099 2100 2101 2102 
6   2103 2104 2105 2106 2107 2108 
6   2109 2110 2111 2112 2113 2114 
6   2115 2116 2117 2118 2119 2120 
6   2121 2122 2123 2124 2125 2126 
6   2127 2128 2129 2130 498 2131 
6   2132 2133 2134 2135 2136 2137 
6   506 507 2140 2141 2142 2143 
6   2144 2145 2146 2147 2148 2149 
6   2150 2151 2152 2153 2154 2155 
6   2156 2157 2158 2159 2160 2161 
5   1852 1634 1936 2162 2163 
6   1853 2163 2164 1940 2165 2166 
5   1854 2166 2167 1946 1634 
5   1855 818 1950 2168 2169 
6   1856 2169 2170 1954 2171 2172 
5   1857 2172 2173 1960 818 
5   1858 818 1964 2174 2175 
6   1859 2175 2176 1968 2177 2178 
5   1860 2178 2179 1974 818 
5   1861 818 1978 2180 2181 
6   1862 2181 2182 1982 2183 2184 
5   1863 2184 2185 1988 818 
5   1864 1634 1992 2186 2187 
6   1865 2187 2188 1996 2189 2190 
5   1866 2190 2191 2002 1634 
5   1867 1634 2006 2192 2193 
6   1868 2193 2194 2010 2195 2196 
5   1869 2196 2197 2016 1634 
6   1870 2198 2199 2020 2200 2201 
6   1871 2201 2202 2026 2203 2204 
6   1872 2204 2205 2032 2206 2207 
6   1873 2207 2208 2038 2209 2210 
6   1874 2210 2211 2044 2212 2213 
6   1875 2213 2214 2050 2215 2198 
5   1876 2216 2217 1937 1634 
5   1877 1634 2019 2218 2219 
6   1878 2219 2220 2056 2221 2222 
6   1879 2222 2223 2062 2224 2216 
6   1880 2225 2226 1943 2227 2228 
6   1881 2228 2229 2065 2230 2231 
6   1882 2231 2232 2068 2233 2234 
6   1883 2234 2235 2023 2236 2237 
6   1884 2237 2238 2074 2239 2240 
6   1885 2240 2241 2079 2242 2225 
5   1886 1634 1949 2243 2244 
6   1887 2244 2245 2082 2246 2247 
6   1888 2247 2248 2085 2249 2250 
5   1889 2250 2251 1951 1634 
6   1890 2252 2253 1957 2254 2255 
6   1891 2255 2256 2088 2257 2258 
6   1892 2258 2259 2077 2260 2261 
6   1893 2261 2262 2053 2263 2264 
6   1894 2264 2265 2091 2266 2267 
6   1895 2267 2268 2097 2269 2252 
5   1896 818 1963 2270 2271 
6   1897 2271 2272 2100 2273 2274 
6   1898 2274 2275 2103 2276 2277 
5   1899 2277 2278 1965 818 
6   1900 2279 2280 1971 2281 2282 
6   1901 2282 2283 2106 2284 2285 
6   1902 2285 2286 2094 2287 2288 
6   1903 2288 2289 2047 2290 2291 
6   1904 2291 2292 2109 2293 2294 
6   1905 2294 2295 2115 2296 2279 
5   1906 818 1977 2297 2298 
6   1907 2298 2299 2118 2300 2301 
6   1908 2301 2302 2121 2303 2304 
5   1909 2304 2305 1979 818 
6   1910 2306 2307 1985 2308 2309 
6   1911 2309 2310 2124 2311 2312 
6   1912 2312 2313 2112 2314 2315 
6   1913 2315 2316 2041 2317 2318 
6   1914 2318 2319 2127 2320 2321 
6   1915 2321 2322 2132 2323 2306 
5   1916 818 1991 2324 2325 
6   1917 2325 2326 2135 2327 2328 
6   1918 2328 2329 2138 2330 2331 
5   1919 2331 2332 1993 818 
6   1920 2333 2334 1999 2335 2336 
6   1921 2336 2337 2141 2338 2339 
6   1922 2339 2340 2130 2341 2342 
6   1923 2342 2343 2035 2344 2345 
6   1924 2345 2346 2144 2347 2348 
6   1925 2348 2349 2150 2350 2333 
5   1926 1634 2005 2351 2352 
6   1927 2352 2353 2153 2354 2355 
6   1928 2355 2356 2156 2357 2358 
5   1929 2358 2359 2007 1634 
6   1930 2360 2361 2013 2362 2363 
6   1931 2363 2364 2159 2365 2366 
6   1932 2366 2367 2147 2368 2369 
6   1933 2369 2370 2029 2371 2372 
6   1934 2372 2373 2071 2374 2375 
6   1935 2375 2376 2059 2377 2360 
6   1938 2217 2224 2067 2378 2379 
6   1939 2379 2380 1941 2164 2162 
6   1942 2380 2378 2066 2229 2227 
6   1944 2226 2242 2084 2381 2382 
6   1945 2382 2383 1947 2167 2165 
6   1948 2383 2381 2083 2245 2243 
6   1952 1435 1433 2090 2384 2385 
6   1953 2385 2386 1955 2170 2168 
6   1956 2386 2384 2089 2256 2254 
6   1958 2253 2269 2102 2387 2388 
6   1959 2388 2389 1961 2173 2171 
6   1962 2389 2387 2101 2272 2270 
6   1966 2278 2276 2108 2390 2391 
6   1967 2391 2392 1969 2176 2174 
6   1970 2392 2390 2107 2283 2281 
6   1972 2280 2296 2120 2393 2394 
6   1973 2394 2395 1975 2179 2177 
6   1976 2395 2393 2119 2299 2297 
6   1980 2305 2303 2126 2396 2397 
6   1981 2397 2398 1983 2182 2180 
6   1984 2398 2396 2125 2310 2308 
6   1986 2307 2323 2137 2399 2400 
6   1987 2400 2401 1989 2185 2183 
6   1990 2401 2399 2136 2326 2324 
6   1994 700 698 2143 2402 2403 
6   1995 2403 2404 1997 2188 2186 
6   1998 2404 2402 2142 2337 2335 
6   2000 2334 2350 2155 2405 2406 
6   2001 2406 2407 2003 2191 2189 
6   2004 2407 2405 2154 2353 2351 
6   2008 2359 2357 2161 2408 2409 
6   2009 2409 2410 2011 2194 2192 
6   2012 2410 2408 2160 2364 2362 
6   2014 2361 2377 2058 2411 2412 
6   2015 2412 2413 2017 2197 2195 
6   2018 2413 2411 2057 2220 2218 
6   2021 2199 2215 2055 2414 2415 
6   2022 2415 2416 2075 2238 2236 
6   2024 2235 2233 2073 2417 2418 
6   2025 2418 2419 2027 2202 2200 
6   2028 2419 2417 2072 2373 2371 
6   2030 2370 2368 2146 2420 2421 
6   2031 2421 2422 2033 2205 2203 
6   2034 2422 2420 2145 2346 2344 
6   2036 2343 2341 2129 2423 2424 
6   2037 2424 2425 2039 2208 2206 
6   2040 2425 2423 2128 2319 2317 
6   2042 2316 2314 2111 2426 2427 
6   2043 2427 2428 2045 2211 2209 
6   2046 2428 2426 2110 2292 2290 
6   2048 2289 2287 2093 2429 2430 
6   2049 2430 2431 2051 2214 2212 
6   2052 2431 2429 2092 2265 2263 
6   2054 2262 2260 2076 2416 2414 
6   2060 2376 2374 2070 2432 2433 
6   2061 2433 2434 2063 2223 2221 
6   2064 2434 2432 2069 2232 2230 
6   1260 2259 2257 2087 1619 1620 
6   2078 2436 2437 2080 2241 2239 
6   2081 2437 2435 2086 2248 2246 
6   2095 2286 2284 2105 2438 2439 
6   2096 2439 2440 2098 2268 2266 
6   2099 2440 2438 2104 2275 2273 
6   2113 2313 2311 2123 2441 2442 
6   2114 2442 2443 2116 2295 2293 
6   2117 2443 2441 2122 2302 2300 
6   498 2340 2338 2140 812 813 
6   2131 2445 2446 2133 2322 2320 
6   2134 2446 2444 2139 2329 2327 
6   2148 2367 2365 2158 2447 2448 
6   2149 2448 2449 2151 2349 2347 
6   2152 2449 2447 2157 2356 2354 
5   1635 1634 1696 2163 1853 
6   1635 1852 2163 1697 2166 1854 
5   1635 1853 2166 1698 1634 
5   1636 818 1699 2169 1856 
6   1636 1855 2169 1700 2172 1857 
5   1636 1856 2172 1701 818 
5   1637 818 1702 2175 1859 
6   1637 1858 2175 1703 2178 1860 
5   1637 1859 2178 1704 818 
5   1638 818 1705 2181 1862 
6   1638 1861 2181 1706 2184 1863 
5   1638 1862 2184 1707 818 
5   1639 1634 1708 2187 1865 
6   1639 1864 2187 1709 2190 1866 
5   1639 1865 2190 1710 1634 
5   1640 1634 1711 2193 1868 
6   1640 1867 2193 1712 2196 1869 
5   1640 1868 2196 1713 1634 
6   1641 1875 2198 1714 2201 1871 
6   1641 1870 2201 1715 2204 1872 
6   1641 1871 2204 1716 2207 1873 
6   1641 1872 2207 1717 2210 1874 
6   1641 1873 2210 1718 2213 1875 
6   1641 1874 2213 1719 2198 1870 
5   1642 1879 2216 1720 1634 
5   1642 1634 1721 2219 1878 
6   1642 1877 2219 1722 2222 1879 
6   1642 1878 2222 1723 2216 1876 
6   1643 1885 2225 1724 2228 1881 
6   1643 1880 2228 1725 2231 1882 
6   1643 1881 2231 1726 2234 1883 
6   1643 1882 2234 1727 2237 1884 
6   1643 1883 2237 1728 2240 1885 
6   1643 1884 2240 1729 2225 1880 
5   1644 1634 1730 2244 1887 
6   1644 1886 2244 1731 2247 1888 
6   1644 1887 2247 1732 2250 1889 
5   1644 1888 2250 1733 1634 
6   1645 1895 2252 1734 2255 1891 
6   1645 1890 2255 1735 2258 1892 
6   1645 1891 2258 1736 2261 1893 
6   1645 1892 2261 1737 2264 1894 
6   1645 1893 2264 1738 2267 1895 
6   1645 1894 2267 1739 2252 1890 
5   1646 818 1740 2271 1897 
6   1646 1896 2271 1741 2274 1898 
6   1646 1897 2274 1742 2277 1899 
5   1646 1898 2277 1743 818 
6   1647 1905 2279 1744 2282 1901 
6   1647 1900 2282 1745 2285 1902 
6   1647 1901 2285 1746 2288 1903 
6   1647 1902 2288 1747 2291 1904 
6   1647 1903 2291 1748 2294 1905 
6   1647 1904 2294 1749 2279 1900 
5   1648 818 1750 2298 1907 
6   1648 1906 2298 1751 2301 1908 
6   1648 1907 2301 1752 2304 1909 
5   1648 1908 2304 1753 818 
6   1649 1915 2306 1754 2309 1911 
6   1649 1910 2309 1755 2312 1912 
6   1649 1911 2312 1756 2315 1913 
6   1649 1912 2315 1757 2318 1914 
6   1649 1913 2318 1758 2321 1915 
6   1649 1914 2321 1759 2306 1910 
5   1650 818 1760 2325 1917 
6   1650 1916 2325 1761 2328 1918 
6   1650 1917 2328 1762 2331 1919 
5   1650 1918 2331 1763 818 
6   1651 1925 2333 1764 2336 1921 
6   1651 1920 2336 1765 2339 1922 
6   1651 1921 2339 1766 2342 1923 
6   1651 1922 2342 1767 2345 1924 
6   1651 1923 2345 1768 2348 1925 
6   1651 1924 2348 1769 2333 1920 
5   1652 1634 1770 2352 1927 
6   1652 1926 2352 1771 2355 1928 
6   1652 1927 2355 1772 2358 1929 
5   1652 1928 2358 1773 1634 
6   1653 1935 2360 1774 2363 1931 
6   1653 1930 2363 1775 2366 1932 
6   1653 1931 2366 1776 2369 1933 
6   1653 1932 2369 1777 2372 1934 
6   1653 1933 2372 1778 2375 1935 
6   1653 1934 2375 1779 2360 1930 
5   1654 1939 2162 1696 1634 
5   1654 1634 1720 2217 1938 
6   1654 1937 2217 1780 2379 1939 
6   1654 1938 2379 1781 2162 1936 
6   1655 1945 2165 1697 2164 1941 
6   1655 1940 2164 1781 2380 1942 
6   1655 1941 2380 1782 2227 1943 
6   1655 1942 2227 1724 2226 1944 
6   1655 1943 2226 1783 2382 1945 
6   1655 1944 2382 1784 2165 1940 
5   1656 1634 1698 2167 1947 
6   1656 1946 2167 1784 2383 1948 
6   1656 1947 2383 1785 2243 1949 
5   1656 1948 2243 1730 1634 
5   1657 1953 2168 1699 818 
5   841 1634 1733 2251 1134 
6   1657 1133 1435 1786 2385 1953 
6   1657 1952 2385 1787 2168 1950 
6   1658 1959 2171 1700 2170 1955 
6   1658 1954 2170 1787 2386 1956 
6   1658 1955 2386 1788 2254 1957 
6   1658 1956 2254 1734 2253 1958 
6   1658 1957 2253 1789 2388 1959 
6   1658 1958 2388 1790 2171 1954 
5   1659 818 1701 2173 1961 
6   1659 1960 2173 1790 2389 1962 
6   1659 1961 2389 1791 2270 1963 
5   1659 1962 2270 1740 818 
5   1660 1967 2174 1702 818 
5   1660 818 1743 2278 1966 
6   1660 1965 2278 1792 2391 1967 
6   1660 1966 2391 1793 2174 1964 
6   1661 1973 2177 1703 2176 1969 
6   1661 1968 2176 1793 2392 1970 
6   1661 1969 2392 1794 2281 1971 
6   1661 1970 2281 1744 2280 1972 
6   1661 1971 2280 1795 2394 1973 
6   1661 1972 2394 1796 2177 1968 
5   1662 818 1704 2179 1975 
6   1662 1974 2179 1796 2395 1976 
6   1662 1975 2395 1797 2297 1977 
5   1662 1976 2297 1750 818 
5   1663 1981 2180 1705 818 
5   1663 818 1753 2305 1980 
6   1663 1979 2305 1798 2397 1981 
6   1663 1980 2397 1799 2180 1978 
6   1664 1987 2183 1706 2182 1983 
6   1664 1982 2182 1799 2398 1984 
6   1664 1983 2398 1800 2308 1985 
6   1664 1984 2308 1754 2307 1986 
6   1664 1985 2307 1801 2400 1987 
6   1664 1986 2400 1802 2183 1982 
5   1665 818 1707 2185 1989 
6   1665 1988 2185 1802 2401 1990 
6   1665 1989 2401 1803 2324 1991 
5   1665 1990 2324 1760 818 
5   1666 1995 2186 1708 1634 
5   32 818 1763 2332 360 
6   1666 359 700 1804 2403 1995 
6   1666 1994 2403 1805 2186 1992 
6   1667 2001 2189 1709 2188 1997 
6   1667 1996 2188 1805 2404 1998 
6   1667 1997 2404 1806 2335 1999 
6   1667 1998 2335 1764 2334 2000 
6   1667 1999 2334 1807 2406 2001 
6   1667 2000 2406 1808 2189 1996 
5   1668 1634 1710 2191 2003 
6   1668 2002 2191 1808 2407 2004 
6   1668 2003 2407 1809 2351 2005 
5   1668 2004 2351 1770 1634 
5   1669 2009 2192 1711 1634 
5   1669 1634 1773 2359 2008 
6   1669 2007 2359 1810 2409 2009 
6   1669 2008 2409 1811 2192 2006 
6   1670 2015 2195 1712 2194 2011 
6   1670 2010 2194 1811 2410 2012 
6   1670 2011 2410 1812 2362 2013 
6   1670 2012 2362 1774 2361 2014 
6   1670 2013 2361 1813 2412 2015 
6   1670 2014 2412 1814 2195 2010 
5   1671 1634 1713 2197 2017 
6   1671 2016 2197 1814 2413 2018 
6   1671 2017 2413 1815 2218 2019 
5   1671 2018 2218 1721 1634 
6   1672 2025 2200 1714 2199 2021 
6   1672 2020 2199 1816 2415 2022 
6   1672 2021 2415 1817 2236 2023 
6   1672 2022 2236 1727 2235 2024 
6   1672 2023 2235 1818 2418 2025 
6   1672 2024 2418 1819 2200 2020 
6   1673 2031 2203 1715 2202 2027 
6   1673 2026 2202 1819 2419 2028 
6   1673 2027 2419 1820 2371 2029 
6   1673 2028 2371 1777 2370 2030 
6   1673 2029 2370 1821 2421 2031 
6   1673 2030 2421 1822 2203 2026 
6   1674 2037 2206 1716 2205 2033 
6   1674 2032 2205 1822 2422 2034 
6   1674 2033 2422 1823 2344 2035 
6   1674 2034 2344 1767 2343 2036 
6   1674 2035 2343 1824 2424 2037 
6   1674 2036 2424 1825 2206 2032 
6   1675 2043 2209 1717 2208 2039 
6   1675 2038 2208 1825 2425 2040 
6   1675 2039 2425 1826 2317 2041 
6   1675 2040 2317 1757 2316 2042 
6   1675 2041 2316 1827 2427 2043 
6   1675 2042 2427 1828 2209 2038 
6   1676 2049 2212 1718 2211 2045 
6   1676 2044 2211 1828 2428 2046 
6   1676 2045 2428 1829 2290 2047 
6   1676 2046 2290 1747 2289 2048 
6   1676 2047 2289 1830 2430 2049 
6   1676 2048 2430 1831 2212 2044 
6   1677 2055 2215 1719 2214 2051 
6   1677 2050 2214 1831 2431 2052 
6   1677 2051 2431 1832 2263 2053 
6   1677 2052 2263 1737 2262 2054 
6   1677 2053 2262 1833 2414 2055 
6   1677 2054 2414 1816 2215 2050 
6   1678 2061 2221 1722 2220 2057 
6   1678 2056 2220 1815 2411 2058 
6   1678 2057 2411 1813 2377 2059 
6   1678 2058 2377 1779 2376 2060 
6   1678 2059 2376 1834 2433 2061 
6   1678 2060 2433 1835 2221 2056 
6   1679 2067 2224 1723 2223 2063 
6   1679 2062 2223 1835 2434 2064 
6   1679 2063 2434 1836 2230 2065 
6   1679 2064 2230 1725 2229 2066 
6   1679 2065 2229 1782 2378 2067 
6   1679 2066 2378 1780 2224 2062 
6   1680 2073 2233 1726 2232 2069 
6   1680 2068 2232 1836 2432 2070 
6   1680 2069 2432 1834 2374 2071 
6   1680 2070 2374 1778 2373 2072 
6   1680 2071 2373 1820 2417 2073 
6   1680 2072 2417 1818 2233 2068 
6   1681 2078 2239 1728 2238 2075 
6   1681 2074 2238 1817 2416 2076 
6   1681 2075 2416 1833 2260 2077 
6   1681 2076 2260 1736 2259 1260 
6   1681 1260 2436 1838 2239 2074 
6   1682 2084 2242 1729 2241 2080 
6   1682 2079 2241 1838 2437 2081 
6   1682 2080 2437 1839 2246 2082 
6   1682 2081 2246 1731 2245 2083 
6   1682 2082 2245 1785 2381 2084 
6   1682 2083 2381 1783 2242 2079 
6   867 1273 2249 1732 2248 2086 
6   867 2085 2248 1839 2435 1270 
6   1683 1269 1619 1837 2257 2088 
6   1683 2087 2257 1735 2256 2089 
6   1683 2088 2256 1788 2384 2090 
6   1683 2089 2384 1786 1433 1268 
6   1684 2096 2266 1738 2265 2092 
6   1684 2091 2265 1832 2429 2093 
6   1684 2092 2429 1830 2287 2094 
6   1684 2093 2287 1746 2286 2095 
6   1684 2094 2286 1840 2439 2096 
6   1684 2095 2439 1841 2266 2091 
6   1685 2102 2269 1739 2268 2098 
6   1685 2097 2268 1841 2440 2099 
6   1685 2098 2440 1842 2273 2100 
6   1685 2099 2273 1741 2272 2101 
6   1685 2100 2272 1791 2387 2102 
6   1685 2101 2387 1789 2269 2097 
6   1686 2108 2276 1742 2275 2104 
6   1686 2103 2275 1842 2438 2105 
6   1686 2104 2438 1840 2284 2106 
6   1686 2105 2284 1745 2283 2107 
6   1686 2106 2283 1794 2390 2108 
6   1686 2107 2390 1792 2276 2103 
6   1687 2114 2293 1748 2292 2110 
6   1687 2109 2292 1829 2426 2111 
6   1687 2110 2426 1827 2314 2112 
6   1687 2111 2314 1756 2313 2113 
6   1687 2112 2313 1843 2442 2114 
6   1687 2113 2442 1844 2293 2109 
6   1688 2120 2296 1749 2295 2116 
6   1688 2115 2295 1844 2443 2117 
6   1688 2116 2443 1845 2300 2118 
6   1688 2117 2300 1751 2299 2119 
6   1688 2118 2299 1797 2393 2120 
6   1688 2119 2393 1795 2296 2115 
6   1689 2126 2303 1752 2302 2122 
6   1689 2121 2302 1845 2441 2123 
6   1689 2122 2441 1843 2311 2124 
6   1689 2123 2311 1755 2310 2125 
6   1689 2124 2310 1800 2396 2126 
6   1689 2125 2396 1798 2303 2121 
6   1690 2131 2320 1758 2319 2128 
6   1690 2127 2319 1826 2423 2129 
6   1690 2128 2423 1824 2341 2130 
6   1690 2129 2341 1766 2340 498 
6   1690 498 2445 1847 2320 2127 
6   1691 2137 2323 1759 2322 2133 
6   1691 2132 2322 1847 2446 2134 
6   1691 2133 2446 1848 2327 2135 
6   1691 2134 2327 1761 2326 2136 
6   1691 2135 2326 1803 2399 2137 
6   1691 2136 2399 1801 2323 2132 
6   58 511 2330 1762 2329 2139 
6   58 2138 2329 1848 2444 508 
6   1692 507 812 1846 2338 2141 
6   1692 2140 2338 1765 2337 2142 
6   1692 2141 2337 1806 2402 2143 
6   1692 2142 2402 1804 698 506 
6   1693 2149 2347 1768 2346 2145 
6   1693 2144 2346 1823 2420 2146 
6   1693 2145 2420 1821 2368 2147 
6   1693 2146 2368 1776 2367 2148 
6   1693 2147 2367 1849 2448 2149 
6   1693 2148 2448 1850 2347 2144 
6   1694 2155 2350 1769 2349 2151 
6   1694 2150 2349 1850 2449 2152 
6   1694 2151 2449 1851 2354 2153 
6   1694 2152 2354 1771 2353 2154 
6   1694 2153 2353 1809 2405 2155 
6   1694 2154 2405 1807 2350 2150 
6   1695 2161 2357 1772 2356 2157 
6   1695 2156 2356 1851 2447 2158 
6   1695 2157 2447 1849 2365 2159 
6   1695 2158 2365 1775 2364 2160 
6   1695 2159 2364 1812 2408 2161 
6   1695 2160 2408 1810 2357 2156 
6   1696 1936 1939 1781 2164 2163 
6   1696 2162 2164 1697 1853 1852 
6   1697 2163 2162 1781 1941 1940 
6   1697 1940 1945 1784 2167 2166 
6   1697 2165 2167 1698 1854 1853 
6   1698 2166 2165 1784 1947 1946 
6   1699 1950 1953 1787 2170 2169 
6   1699 2168 2170 1700 1856 1855 
6   1700 2169 2168 1787 1955 1954 
6   1700 1954 1959 1790 2173 2172 
6   1700 2171 2173 1701 1857 1856 
6   1701 2172 2171 1790 1961 1960 
6   1702 1964 1967 1793 2176 2175 
6   1702 2174 2176 1703 1859 1858 
6   1703 2175 2174 1793 1969 1968 
6   1703 1968 1973 1796 2179 2178 
6   1703 2177 2179 1704 1860 1859 
6   1704 2178 2177 1796 1975 1974 
6   1705 1978 1981 1799 2182 2181 
6   1705 2180 2182 1706 1862 1861 
6   1706 2181 2180 1799 1983 1982 
6   1706 1982 1987 1802 2185 2184 
6   1706 2183 2185 1707 1863 1862 
6   1707 2184 2183 1802 1989 1988 
6   1708 1992 1995 1805 2188 2187 
6   1708 2186 2188 1709 1865 1864 
6   1709 2187 2186 1805 1997 1996 
6   1709 1996 2001 1808 2191 2190 
6   1709 2189 2191 1710 1866 1865 
6   1710 2190 2189 1808 2003 2002 
6   1711 2006 2009 1811 2194 2193 
6   1711 2192 2194 1712 1868 1867 
6   1712 2193 2192 1811 2011 2010 
6   1712 2010 2015 1814 2197 2196 
6   1712 2195 2197 1713 1869 1868 
6   1713 2196 2195 1814 2017 2016 
6   1714 1870 1875 1719 2215 2199 
6   1714 2198 2215 1816 2021 2020 
6   1714 2020 2025 1819 2202 2201 
6   1714 2200 2202 1715 1871 1870 
6   1715 2201 2200 1819 2027 2026 
6   1715 2026 2031 1822 2205 2204 
6   1715 2203 2205 1716 1872 1871 
6   1716 2204 2203 1822 2033 2032 
6   1716 2032 2037 1825 2208 2207 
6   1716 2206 2208 1717 1873 1872 
6   1717 2207 2206 1825 2039 2038 
6   1717 2038 2043 1828 2211 2210 
6   1717 2209 2211 1718 1874 1873 
6   1718 2210 2209 1828 2045 2044 
6   1718 2044 2049 1831 2214 2213 
6   1718 2212 2214 1719 1875 1874 
6   1719 2213 2212 1831 2051 2050 
6   1719 2050 2055 1816 2199 2198 
6   1720 1876 1879 1723 2224 2217 
6   1720 2216 2224 1780 1938 1937 
6   1721 2019 2018 1815 2220 2219 
6   1721 2218 2220 1722 1878 1877 
6   1722 2219 2218 1815 2057 2056 
6   1722 2056 2061 1835 2223 2222 
6   1722 2221 2223 1723 1879 1878 
6   1723 2222 2221 1835 2063 2062 
6   1723 2062 2067 1780 2217 2216 
6   1724 1880 1885 1729 2242 2226 
6   1724 2225 2242 1783 1944 1943 
6   1724 1943 1942 1782 2229 2228 
6   1724 2227 2229 1725 1881 1880 
6   1725 2228 2227 1782 2066 2065 
6   1725 2065 2064 1836 2232 2231 
6   1725 2230 2232 1726 1882 1881 
6   1726 2231 2230 1836 2069 2068 
6   1726 2068 2073 1818 2235 2234 
6   1726 2233 2235 1727 1883 1882 
6   1727 2234 2233 1818 2024 2023 
6   1727 2023 2022 1817 2238 2237 
6   1727 2236 2238 1728 1884 1883 
6   1728 2237 2236 1817 2075 2074 
6   1728 2074 2078 1838 2241 2240 
6   1728 2239 2241 1729 1885 1884 
6   1729 2240 2239 1838 2080 2079 
6   1729 2079 2084 1783 2226 2225 
6   1730 1949 1948 1785 2245 2244 
6   1730 2243 2245 1731 1887 1886 
6   1731 2244 2243 1785 2083 2082 
6   1731 2082 2081 1839 2248 2247 
6   1731 2246 2248 1732 1888 1887 
6   1732 2247 2246 1839 2086 2085 
6   1732 2085 1273 970 2251 2250 
6   1732 2249 2251 1733 1889 1888 
6   1733 2250 2249 970 1134 1951 
6   1734 1890 1895 1739 2269 2253 
6   1734 2252 2269 1789 1958 1957 
6   1734 1957 1956 1788 2256 2255 
6   1734 2254 2256 1735 1891 1890 
6   1735 2255 2254 1788 2089 2088 
6   1735 2088 2087 1837 2259 2258 
6   1735 2257 2259 1736 1892 1891 
6   1736 2258 2257 1837 1260 2077 
6   1736 2077 2076 1833 2262 2261 
6   1736 2260 2262 1737 1893 1892 
6   1737 2261 2260 1833 2054 2053 
6   1737 2053 2052 1832 2265 2264 
6   1737 2263 2265 1738 1894 1893 
6   1738 2264 2263 1832 2092 2091 
6   1738 2091 2096 1841 2268 2267 
6   1738 2266 2268 1739 1895 1894 
6   1739 2267 2266 1841 2098 2097 
6   1739 2097 2102 1789 2253 2252 
6   1740 1963 1962 1791 2272 2271 
6   1740 2270 2272 1741 1897 1896 
6   1741 2271 2270 1791 2101 2100 
6   1741 2100 2099 1842 2275 2274 
6   1741 2273 2275 1742 1898 1897 
6   1742 2274 2273 1842 2104 2103 
6   1742 2103 2108 1792 2278 2277 
6   1742 2276 2278 1743 1899 1898 
6   1743 2277 2276 1792 1966 1965 
6   1744 1900 1905 1749 2296 2280 
6   1744 2279 2296 1795 1972 1971 
6   1744 1971 1970 1794 2283 2282 
6   1744 2281 2283 1745 1901 1900 
6   1745 2282 2281 1794 2107 2106 
6   1745 2106 2105 1840 2286 2285 
6   1745 2284 2286 1746 1902 1901 
6   1746 2285 2284 1840 2095 2094 
6   1746 2094 2093 1830 2289 2288 
6   1746 2287 2289 1747 1903 1902 
6   1747 2288 2287 1830 2048 2047 
6   1747 2047 2046 1829 2292 2291 
6   1747 2290 2292 1748 1904 1903 
6   1748 2291 2290 1829 2110 2109 
6   1748 2109 2114 1844 2295 2294 
6   1748 2293 2295 1749 1905 1904 
6   1749 2294 2293 1844 2116 2115 
6   1749 2115 2120 1795 2280 2279 
6   1750 1977 1976 1797 2299 2298 
6   1750 2297 2299 1751 1907 1906 
6   1751 2298 2297 1797 2119 2118 
6   1751 2118 2117 1845 2302 2301 
6   1751 2300 2302 1752 1908 1907 
6   1752 2301 2300 1845 2122 2121 
6   1752 2121 2126 1798 2305 2304 
6   1752 2303 2305 1753 1909 1908 
6   1753 2304 2303 1798 1980 1979 
6   1754 1910 1915 1759 2323 2307 
6   1754 2306 2323 1801 1986 1985 
6   1754 1985 1984 1800 2310 2309 
6   1754 2308 2310 1755 1911 1910 
6   1755 2309 2308 1800 2125 2124 
6   1755 2124 2123 1843 2313 2312 
6   1755 2311 2313 1756 1912 1911 
6   1756 2312 2311 1843 2113 2112 
6   1756 2112 2111 1827 2316 2315 
6   1756 2314 2316 1757 1913 1912 
6   1757 2315 2314 1827 2042 2041 
6   1757 2041 2040 1826 2319 2318 
6   1757 2317 2319 1758 1914 1913 
6   1758 2318 2317 1826 2128 2127 
6   1758 2127 2131 1847 2322 2321 
6   1758 2320 2322 1759 1915 1914 
6   1759 2321 2320 1847 2133 2132 
6   1759 2132 2137 1801 2307 2306 
6   1760 1991 1990 1803 2326 2325 
6   1760 2324 2326 1761 1917 1916 
6   1761 2325 2324 1803 2136 2135 
6   1761 2135 2134 1848 2329 2328 
6   1761 2327 2329 1762 1918 1917 
6   1762 2328 2327 1848 2139 2138 
6   1762 2138 511 170 2332 2331 
6   1762 2330 2332 1763 1919 1918 
6   1763 2331 2330 170 360 1993 
6   1764 1920 1925 1769 2350 2334 
6   1764 2333 2350 1807 2000 1999 
6   1764 1999 1998 1806 2337 2336 
6   1764 2335 2337 1765 1921 1920 
6   1765 2336 2335 1806 2142 2141 
6   1765 2141 2140 1846 2340 2339 
6   1765 2338 2340 1766 1922 1921 
6   1766 2339 2338 1846 498 2130 
6   1766 2130 2129 1824 2343 2342 
6   1766 2341 2343 1767 1923 1922 
6   1767 2342 2341 1824 2036 2035 
6   1767 2035 2034 1823 2346 2345 
6   1767 2344 2346 1768 1924 1923 
6   1768 2345 2344 1823 2145 2144 
6   1768 2144 2149 1850 2349 2348 
6   1768 2347 2349 1769 1925 1924 
6   1769 2348 2347 1850 2151 2150 
6   1769 2150 2155 1807 2334 2333 
6   1770 2005 2004 1809 2353 2352 
6   1770 2351 2353 1771 1927 1926 
6   1771 2352 2351 1809 2154 2153 
6   1771 2153 2152 1851 2356 2355 
6   1771 2354 2356 1772 1928 1927 
6   1772 2355 2354 1851 2157 2156 
6   1772 2156 2161 1810 2359 2358 
6   1772 2357 2359 1773 1929 1928 
6   1773 2358 2357 1810 2008 2007 
6   1774 1930 1935 1779 2377 2361 
6   1774 2360 2377 1813 2014 2013 
6   1774 2013 2012 1812 2364 2363 
6   1774 2362 2364 1775 1931 1930 
6   1775 2363 2362 1812 2160 2159 
6   1775 2159 2158 1849 2367 2366 
6   1775 2365 2367 1776 1932 1931 
6   1776 2366 2365 1849 2148 2147 
6   1776 2147 2146 1821 2370 2369 
6   1776 2368 2370 1777 1933 1932 
6   1777 2369 2368 1821 2030 2029 
6   1777 2029 2028 1820 2373 2372 
6   1777 2371 2373 1778 1934 1933 
6   1778 2372 2371 1820 2072 2071 
6   1778 2071 2070 1834 2376 2375 
6   1778 2374 2376 1779 1935 1934 
6   1779 2375 2374 1834 2060 2059 
6   1779 2059 2058 1813 2361 2360 
6   1780 2067 2066 1782 2380 2379 
6   1780 2378 2380 1781 1939 1938 
6   1781 2379 2378 1782 1942 1941 
6   1783 2084 2083 1785 2383 2382 
6   1783 2381 2383 1784 1945 1944 
6   1784 2382 2381 1785 1948 1947 
6   1786 2090 2089 1788 2386 2385 
6   1786 2384 2386 1787 1953 1952 
6   1787 2385 2384 1788 1956 1955 
6   1789 2102 2101 1791 2389 2388 
6   1789 2387 2389 1790 1959 1958 
6   1790 2388 2387 1791 1962 1961 
6   1792 2108 2107 1794 2392 2391 
6   1792 2390 2392 1793 1967 1966 
6   1793 2391 2390 1794 1970 1969 
6   1795 2120 2119 1797 2395 2394 
6   1795 2393 2395 1796 1973 1972 
6   1796 2394 2393 1797 1976 1975 
6   1798 2126 2125 1800 2398 2397 
6   1798 2396 2398 1799 1981 1980 
6   1799 2397 2396 1800 1984 1983 
6   1801 2137 2136 1803 2401 2400 
6   1801 2399 2401 1802 1987 1986 
6   1802 2400 2399 1803 1990 1989 
6   1804 2143 2142 1806 2404 2403 
6   1804 2402 2404 1805 1995 1994 
6   1805 2403 2402 1806 1998 1997 
6   1807 2155 2154 1809 2407 2406 
6   1807 2405 2407 1808 2001 2000 
6   1808 2406 2405 1809 2004 2003 
6   1810 2161 2160 1812 2410 2409 
6   1810 2408 2410 1811 2009 2008 
6   1811 2409 2408 1812 2012 2011 
6   1813 2058 2057 1815 2413 2412 
6   1813 2411 2413 1814 2015 2014 
6   1814 2412 2411 1815 2018 2017 
6   1816 2055 2054 1833 2416 2415 
6   1816 2414 2416 1817 2022 2021 
6   1817 2415 2414 1833 2076 2075 
6   1818 2073 2072 1820 2419 2418 
6   1818 2417 2419 1819 2025 2024 
6   1819 2418 2417 1820 2028 2027 
6   1821 2146 2145 1823 2422 2421 
6   1821 2420 2422 1822 2031 2030 
6   1822 2421 2420 1823 2034 2033 
6   1824 2129 2128 1826 2425 2424 
6   1824 2423 2425 1825 2037 2036 
6   1825 2424 2423 1826 2040 2039 
6   1827 2111 2110 1829 2428 2427 
6   1827 2426 2428 1828 2043 2042 
6   1828 2427 2426 1829 2046 2045 
6   1830 2093 2092 1832 2431 2430 
6   1830 2429 2431 1831 2049 2048 
6   1831 2430 2429 1832 2052 2051 
6   1834 2070 2069 1836 2434 2433 
6   1834 2432 2434 1835 2061 2060 
6   1835 2433 2432 1836 2064 2063 
6   1021 1270 2086 1839 2437 2436 
6   1021 2435 2437 1838 2078 1260 
6   1838 2436 2435 1839 2081 2080 
6   1840 2105 2104 1842 2440 2439 
6   1840 2438 2440 1841 2096 2095 
6   1841 2439 2438 1842 2099 2098 
6   1843 2123 2122 1845 2443 2442 
6   1843 2441 2443 1844 2114 2113 
6   1844 2442 2441 1845 2117 2116 
6   212 508 2139 1848 2446 2445 
6   212 2444 2446 1847 2131 498 
6   1847 2445 2444 1848 2134 2133 
6   1849 2158 2157 1851 2449 2448 
6   1849 2447 2449 1850 2149 2148 
6   1850 2448 2447 1851 2152 2151 
-1
1
1
1
1
1
1
1
1
1
1
1
1
1
1
1
1
1
1
1
1
1
1
1
1
1
1
1
1
1
1
1
1
1
1
1
1
1
1
1
1
1
1
1
1
1
1
1
1
1
1
1
1
1
1
1
1
1
1
1
1
1
1
1
1
1
1
1
1
1
1
1
1
1
1
1
1
1
1
1
1
1
1
1
1
1
1
1
1
1
1
1
1
1
1
1
1
1
1
1
1
1
1
1
1
1
1
1
1
1
1
1
1
1
1
1
1
1
1
1
1
1
1
1
1
1
1
1
1
1
1
1
1
1
1
1
1
1
1
1
1
1
1
1
1
1
1
1
1
1
1
1
1
1
1
1
1
1
1
1
1
1
1
1
1
1
1
1
1
1
1
1
1
1
1
1
1
1
1
1
1
1
1
1
1
1
1
1
1
1
1
1
1
1
1
1
1
1
1
1
1
1
1
1
1
1
1
1
1
1
1
1
1
1
1
1
1
1
1
1
1
1
1
1
1
1
1
1
1
1
1
1
1
1
1
1
1
1
1
1
1
1
1
1
1
1
1
1
1
1
1
1
1
1
1
1
1
1
1
1
1
1
1
1
1
1
1
1
1
1
1
1
1
1
1
1
1
1
1
1
1
1
1
1
1
1
1
1
1
1
1
1
1
1
1
1
1
1
1
1
1
1
1
1
1
1
1
1
1
1
1
1
1
1
1
1
1
1
1
1
1
1
1
1
1
1
1
1
1
1
1
1
1
1
1
1
1
1
1
1
1
1
1
1
1
1
1
1
1
1
1
1
1
1
1
1
1
1
1
1
1
1
1
1
1
1
1
1
1
1
1
1
1
1
1
1
1
1
1
1
1
1
1
1
1
1
1
1
1
1
1
1
1
1
1
1
1
1
1
1
1
1
1
1
1
1
1
1
1
1
1
1
1
1
1
1
1
1
1
1
1
1
1
1
1
1
1
1
1
1
1
1
1
1
1
1
1
1
1
1
1
1
1
1
1
1
1
1
1
1
1
1
1
1
1
1
1
1
1
1
1
1
1
1
1
1
1
1
1
1
1
1
1
1
1
1
1
1
1
1
1
1
1
1
1
1
1
1
1
1
1
1
1
1
1
1
1
1
1
1
1
1
1
1
1
1
1
1
1
1
1
1
1
1
1
1
1
1
1
1
1
1
1
1
1
1
1
1
1
1
1
1
1
1
1
1
1
1
1
1
1
1
1
1
1
1
1
1
1
1
1
1
1
1
1
1
1
1
1
1
1
1
1
1
1
1
1
1
1
1
1
1
1
1
1
1
1
1
1
1
1
1
1
1
1
1
1
1
1
1
1
1
1
1
1
1
1
1
1
1
1
1
1
1
1
1
1
1
1
1
1
1
1
1
1
1
1
1
1
1
1
1
1
1
1
1
1
1
1
1
1
1
1
1
1
1
1
1
1
1
1
1
1
1
1
1
1
1
1
1
1
1
1
1
1
1
1
1
1
1
1
1
1
1
1
1
1
1
1
1
1
1
1
1
1
1
1
1
1
1
1
1
1
1
1
1
1
1
1
1
1
1
1
1
1
1
1
1
1
1
1
1
1
1
1
1
1
1
1
1
1
1
1
1
1
1
1
1
1
1
1
1
1
1
1
1
1
1
1
1
1
1
1
1
1
1
1
1
1
1
1
1
1
1
1
1
1
1
1
1
1
1
1
1
1
1
1
1
1
1
1
1
1
1
1
1
1
1
1
1
1
1
1
1
1
1
1
1
1
1
1
1
1
1
1
1
1
1
1
1
1
1
1
1
1
1
1
1
1
1
1
1
1
1
1
1
1
1
1
1
1
1
1
1
1
1
1
1
1
1
1
1
1
1
1
1
1
1
1
1
1
1
1
1
1
1
1
1
1
1
1
1
1
1
1
1
1
1
1
1
1
1
1
1
1
1
1
1
1
1
1
1
1
1
1
1
1
1
1
1
1
1
1
1
1
1
1
1
1
1
1
1
1
1
1
1
1
1
1
1
1
1
1
1
1
1
1
1
1
1
1
1
1
1
1
1
1
1
1
1
1
1
1
1
1
1
1
1
1
1
1
1
1
1
1
1
1
1
1
1
1
1
1
1
1
1
1
1
1
1
1
1
1
1
1
1
1
1
1
1
1
1
1
1
1
1
1
1
1
1
1
1
1
1
1
1
1
1
1
1
1
1
1
1
1
1
1
1
1
1
1
1
1
1
1
1
1
1
1
1
1
1
1
1
1
1
1
1
1
1
1
1
1
1
1
1
1
1
1
1
1
1
1
1
1
1
1
1
1
1
1
1
1
1
1
1
1
1
1
1
1
1
1
1
1
1
1
1
1
1
1
1
1
1
1
1
1
1
1
1
1
1
1
1
1
1
1
1
1
1
1
1
1
1
1
1
1
1
1
1
1
1
1
1
1
1
1
1
1
1
1
1
1
1
1
1
1
1
1
1
1
1
1
1
1
1
1
1
1
1
1
1
1
1
1
1
1
1
1
1
1
1
1
1
1
1
1
1
1
1
1
1
1
1
1
1
1
1
1
1
1
1
1
1
1
1
1
1
1
1
1
1
1
1
1
1
1
1
1
1
1
1
1
1
1
1
1
1
1
1
1
1
1
1
1
1
1
1
1
1
1
1
1
1
1
1
1
1
1
1
1
1
1
1
1
1
1
1
1
1
1
1
1
1
1
1
1
1
1
1
1
1
1
1
1
1
1
1
1
1
1
1
1
1
1
1
1
1
1
1
1
1
1
1
1
1
1
1
1
1
1
1
1
1
1
1
1
1
1
1
1
1
1
1
1
1
1
1
1
1
1
1
1
1
1
1
1
1
1
1
1
1
1
1
1
1
1
1
1
1
1
1
1
1
1
1
1
1
1
1
1
1
1
1
1
1
1
1
1
1
1
1
1
1
1
1
1
1
1
1
1
1
1
1
1
1
1
1
1
1
1
1
1
1
1
1
1
1
1
1
1
1
1
1
1
1
1
1
1
1
1
1
1
1
1
1
1
1
1
1
1
1
1
1
1
1
1
1
1
1
1
1
1
1
1
1
1
1
1
1
1
1
1
1
1
1
1
1
1
1
1
1
1
1
1
1
1
1
1
1
1
1
1
1
1
1
1
1
1
1
1
1
1
1
1
1
1
1
1
1
1
1
1
1
1
1
1
1
1
1
1
1
1
1
1
1
1
1
1
1
1
1
1
1
1
1
1
1
1
1
1
1
1
1
1
1
1
1
1
1
1
1
1
1
1
1
1
1
1
1
1
1
1
1
1
1
1
1
1
1
1
1
1
1
1
1
1
1
1
1
1
1
1
1
1
1
1
1
1
1
1
1
1
1
1
1
1
1
1
1
1
1
1
1
1
1
1
1
1
1
1
1
1
1
1
1
1
1
1
1
1
1
1
1
1
1
1
1
1
1
1
1
1
1
1
1
1
1
1
1
1
1
1
1
1
1
1
1
1
1
1
1
1
1
1
1
1
1
1
1
1
1
1
1
1
1
1
1
1
1
1
1
1
1
1
1
1
1
1
1
1
1
1
1
1
1
1
1
1
1
1
1
1
1
1
1
1
1
1
1
1
1
1
1
1
1
1
1
1
1
1
1
1
1
1
1
1
1
1
1
1
1
1
1
1
1
1
1
1
1
1
1
1
1
1
1
1
1
1
1
1
1
1
1
1
1
1
1
1
1
1
1
1
1
1
1
1
1
1
1
1
1
1
1
1
1
1
1
1
1
1
1
1
1
1
1
1
1
1
1
1
1
1
1
1
1
1
1
1
1
1
1
1
1
1
1
1
1
1
1
1
1
1
1
1
1
1
1
1
1
1
1
1
1
1
1
1
1
1
1
1
1
1
1
1
1
1
1
1
1
1
1
1
1
1
1
1
1
1
1
1
1
1
1
1
1
1
1
1
1
1
1
1
1
1
1
1
1
1
1
1
1
1
1
1
1
1
1
1
1
1
1
1
1
1
1
1
1
1
1
1
1
1
1
1
1
1
1
1
1
1
1
1
1
1
1
1
1
1
1
1
1
1
1
1
1
1
1
1
1
1
1
1
1
1
1
1
1
1
1
1
1
1
1
1
1
1
1
1
1
1
1
1
1
1
1
1
1
1
1
1
1
1
1
1
1
1
1
1
1
1
1
1
1
1
1
1
1
1
1
1
1
1
1
1
1
1
1
1
1
1
1
1
1
1
1
1
1
1
1
1
1
1
1
1
1
1
1
1
1
1
1
1
1
1
1
1
1
1
1
1
1
1
1
1
1
1
1
1
1
1
1
1
1
1
1
1
1
1
1
1
1
1
1
1
1
1
1
1
1
1
1
1
1
1
1
1
1
1
1
1
1
1
1
1
1
1
1
1
1
1
1
1
1
1
1
1
1
1
1
1
1
1
1
1
1
1
1
1
1
1
1
1
1
1
1
1
1
1
1
1
1
1
1
1
1
1
1
1
1
1
1
1
1
1
1
1
1
1
1
1
1
1
1
1
1
1
1
1
1
1
1
1
1
1
1
1
1
1
1
1
1
1
1
1
1
1
1
1
1
1
1
1
1
1
1
1
1
1
1
1
1
1
1
1
1
1
1
1
1
1
1
1
1
1
1
1
1
1
1
1
1
1
1
1
1
1
1
1
1
1
1
1
1
1
1
1
1
1
1
1
1
1
1
1
1
1
1
1
1
1
1
1
1
1
1
1
1
1
1
1
1
1
1
1
1
1
1
1
1
1
1
1
1
1
1
1
1
1
1
1
1
1
1
1
1
1
1
1
1
1
1
1
1
1
1
1
1
1
1
1
1
1
1
1
1
1
1
1
1
1
1
1
1
1
1
1
1
1
1
1
1
1
1
1
1
1
1
1
1
1
1
1
1
1
1
1
1
1
1
1
1
1
1
1
1
1
1
1
1
1
1
1
1
1
1
1
1
1
1
1
1
1
1
1
1
1
1
1
1
1
1
1
1
1
1
1
1
1
1
1
1
1
1
1
1
1
1
1
1
1
1
1
1
1
1
1
1
1
1
1
1
1
1
1
1
1
1
1
1
1
1
1
1
1
1
1
1
1
1
1
1
1
1
1
1
1
1
1
1
1
1
1
1
1
1
1
1
1
1
1
1
1
1
1
1
1
1
1
1
1
1
1
1
1
1
1
1
1
1
1
1
1
1
1
1
1
1
1
1
1
1
1
1
1
1
1
1
1
1
1
1
1
1
1
1
1
1
1
1
1
1
1
1
1
1
1
1
1
1
1
1
1
1
1
1
1
1
1
1
1
1
1
1
1
1
1
1
1
1
1
1
1
1
1
1
1
1
1
1
1
1
1
1
1
1
1
1
1
1
1
1
1
1
1
1
1
1
1
1
1
1
1
1
1
1
1
1
1
1
1
1
1
1
1
1
1
1
1
1
1
1
1
1
1
1
1
1
1
1
1
1
1
1
1
1
1
1
1
1
1
1
1
1
1
1
1
1
1
1
1
1
1
1
1
1
1
1
1
1
1
1
1
1
1
1
1
1
1
1
