2562
5   642 643 644 645 646 
5   647 648 649 650 651 
5   652 653 654 655 656 
5   657 658 659 660 661 
5   662 663 664 665 666 
5   667 668 669 670 671 
5   672 673 674 675 676 
5   677 678 679 680 681 
5   682 683 684 685 686 
5   687 688 689 690 691 
5   692 693 694 695 696 
5   697 698 699 700 701 
6   702 703 704 705 706 707 
6   708 709 710 711 712 713 
6   714 715 716 717 718 719 
6   720 721 722 723 724 725 
6   726 727 728 729 730 731 
6   732 733 734 735 736 737 
6   738 739 740 741 742 743 
6   744 745 746 747 748 749 
6   750 751 752 753 754 755 
6   756 757 758 759 760 761 
6   762 763 764 765 766 767 
6   768 769 770 771 772 773 
6   774 775 776 777 778 779 
6   780 781 782 783 784 785 
6   786 787 788 789 790 791 
6   792 793 794 795 796 797 
6   798 799 800 801 802 803 
6   804 805 806 807 808 809 
6   810 811 812 813 814 815 
6   816 817 818 819 820 821 
6   822 823 824 825 826 827 
6   828 829 830 831 832 833 
6   834 835 836 837 838 839 
6   840 841 842 843 844 845 
6   846 847 848 849 850 851 
6   852 853 854 855 856 857 
6   858 859 860 861 862 863 
6   864 865 866 867 868 869 
6   870 871 872 873 874 875 
6   876 877 878 879 880 881 
6   882 883 884 885 886 887 
6   888 889 890 891 892 893 
6   894 895 896 897 898 899 
6   900 901 902 903 904 905 
6   906 907 908 909 910 911 
6   912 913 914 915 916 917 
6   918 919 920 921 922 923 
6   924 925 926 927 928 929 
6   930 931 932 933 934 935 
6   936 937 938 939 940 941 
6   942 943 944 945 946 947 
6   948 949 950 951 952 953 
6   954 955 956 957 958 959 
6   960 961 962 963 964 965 
6   966 967 968 969 970 971 
6   972 973 974 975 976 977 
6   978 979 980 981 982 983 
6   984 985 986 987 988 989 
6   990 991 992 993 994 995 
6   996 997 998 999 1000 1001 
6   1002 1003 1004 1005 1006 1007 
6   1008 1009 1010 1011 1012 1013 
6   1014 1015 1016 1017 1018 1019 
6   1020 1021 1022 1023 1024 1025 
6   1026 1027 1028 1029 1030 1031 
6   1032 1033 1034 1035 1036 1037 
6   1038 1039 1040 1041 1042 1043 
6   1044 1045 1046 1047 1048 1049 
6   1050 1051 1052 1053 1054 1055 
6   1056 1057 1058 1059 1060 1061 
6   1062 1063 1064 1065 1066 1067 
6   1068 1069 1070 1071 1072 1073 
6   1074 1075 1076 1077 1078 1079 
6   1080 1081 1082 1083 1084 1085 
6   1086 1087 1088 1089 1090 1091 
6   1092 1093 1094 1095 1096 1097 
6   1098 1099 1100 1101 1102 1103 
6   1104 1105 1106 1107 1108 1109 
6   1110 1111 1112 1113 1114 1115 
6   1116 1117 1118 1119 1120 1121 
6   1122 1123 1124 1125 1126 1127 
6   1128 1129 1130 1131 1132 1133 
6   1134 1135 1136 1137 1138 1139 
6   1140 1141 1142 1143 1144 1145 
6   1146 1147 1148 1149 1150 1151 
6   1152 1153 1154 1155 1156 1157 
6   1158 1159 1160 1161 1162 1163 
6   1164 1165 1166 1167 1168 1169 
6   1170 1171 1172 1173 1174 1175 
6   1176 1177 1178 1179 1180 1181 
6   1182 1183 1184 1185 1186 1187 
6   1188 1189 1190 1191 1192 1193 
6   1194 1195 1196 1197 1198 1199 
6   1200 1201 1202 1203 1204 1205 
6   1206 1207 1208 1209 1210 1211 
6   1212 1213 1214 1215 1216 1217 
6   1218 1219 1220 1221 1222 1223 
6   1224 1225 1226 1227 1228 1229 
6   1230 1231 1232 1233 1234 1235 
6   1236 1237 1238 1239 1240 1241 
6   1242 1243 1244 1245 1246 1247 
6   1248 1249 1250 1251 1252 1253 
6   1254 1255 1256 1257 1258 1259 
6   1260 1261 1262 1263 1264 1265 
6   1266 1267 1268 1269 1270 1271 
6   1272 1273 1274 1275 1276 1277 
6   1278 1279 1280 1281 1282 1283 
6   1284 1285 1286 1287 1288 1289 
6   1290 1291 1292 1293 1294 1295 
6   1296 1297 1298 1299 1300 1301 
6   1302 1303 1304 1305 1306 1307 
6   1308 1309 1310 1311 1312 1313 
6   1314 1315 1316 1317 1318 1319 
6   1320 1321 1322 1323 1324 1325 
6   1326 1327 1328 1329 1330 1331 
6   1332 1333 1334 1335 1336 1337 
6   1338 1339 1340 1341 1342 1343 
6   1344 1345 1346 1347 1348 1349 
6   1350 1351 1352 1353 1354 1355 
6   1356 1357 1358 1359 1360 1361 
6   1362 1363 1364 1365 1366 1367 
6   1368 1369 1370 1371 1372 1373 
6   1374 1375 1376 1377 1378 1379 
6   1380 1381 1382 1383 1384 1385 
6   1386 1387 1388 1389 1390 1391 
6   1392 1393 1394 1395 1396 1397 
6   1398 1399 1400 1401 1402 1403 
6   1404 1405 1406 1407 1408 1409 
6   1410 1411 1412 1413 1414 1415 
6   1416 1417 1418 1419 1420 1421 
6   1422 1423 1424 1425 1426 1427 
6   1428 1429 1430 1431 1432 1433 
6   1434 1435 1436 1437 1438 1439 
6   1440 1441 1442 1443 1444 1445 
6   1446 1447 1448 1449 1450 1451 
6   1452 1453 1454 1455 1456 1457 
6   1458 1459 1460 1461 1462 1463 
6   1464 1465 1466 1467 1468 1469 
6   1470 1471 1472 1473 1474 1475 
6   1476 1477 1478 1479 1480 1481 
6   1482 1483 1484 1485 1486 1487 
6   1488 1489 1490 1491 1492 1493 
6   1494 1495 1496 1497 1498 1499 
6   1500 1501 1502 1503 1504 1505 
6   1506 1507 1508 1509 1510 1511 
6   1512 1513 1514 1515 1516 1517 
6   1518 1519 1520 1521 1522 1523 
6   1524 1525 1526 1527 1528 1529 
6   1530 1531 1532 1533 1534 1535 
6   1536 1537 1538 1539 1540 1541 
6   1542 1543 1544 1545 1546 1547 
6   1548 1549 1550 1551 1552 1553 
6   1554 1555 1556 1557 1558 1559 
6   1560 1561 1562 1563 1564 1565 
6   1566 1567 1568 1569 1570 1571 
6   1572 1573 1574 1575 1576 1577 
6   1578 1579 1580 1581 1582 1583 
6   1584 1585 1586 1587 1588 1589 
6   1590 1591 1592 1593 1594 1595 
6   1596 1597 1598 1599 1600 1601 
6   642 1602 1603 882 1604 1605 
6   643 1605 1606 888 1607 1608 
6   644 1608 1609 894 1610 1611 
6   645 1611 1612 900 1613 1614 
6   646 1614 1615 906 1616 1602 
6   647 1617 1618 912 1619 1620 
6   648 1620 1621 918 1622 1623 
6   649 1623 1624 924 1625 1626 
6   650 1626 1627 930 1628 1629 
6   651 1629 1630 936 1631 1617 
6   652 1632 1633 942 1634 1635 
6   653 1635 1636 948 1637 1638 
6   654 1638 1639 954 1640 1641 
6   655 1641 1642 960 1643 1644 
6   656 1644 1645 966 1646 1632 
6   657 1647 1648 972 1649 1650 
6   658 1650 1651 978 1652 1653 
6   659 1653 1654 984 1655 1656 
6   660 1656 1657 990 1658 1659 
6   661 1659 1660 996 1661 1647 
6   662 1662 1663 1002 1664 1665 
6   663 1665 1666 1008 1667 1668 
6   664 1668 1669 1014 1670 1671 
6   665 1671 1672 1020 1673 1674 
6   666 1674 1675 1026 1676 1662 
6   667 1677 1678 1032 1679 1680 
6   668 1680 1681 1038 1682 1683 
6   669 1683 1684 1044 1685 1686 
6   670 1686 1687 1050 1688 1689 
6   671 1689 1690 1056 1691 1677 
6   672 1692 1693 1062 1694 1695 
6   673 1695 1696 1068 1697 1698 
6   674 1698 1699 1074 1700 1701 
6   675 1701 1702 1080 1703 1704 
6   676 1704 1705 1086 1706 1692 
6   677 1707 1708 1092 1709 1710 
6   678 1710 1711 1098 1712 1713 
6   679 1713 1714 1104 1715 1716 
6   680 1716 1717 1110 1718 1719 
6   681 1719 1720 1116 1721 1707 
6   682 1722 1723 1122 1724 1725 
6   683 1725 1726 1128 1727 1728 
6   684 1728 1729 1134 1730 1731 
6   685 1731 1732 1140 1733 1734 
6   686 1734 1735 1146 1736 1722 
6   687 1737 1738 1152 1739 1740 
6   688 1740 1741 1158 1742 1743 
6   689 1743 1744 1164 1745 1746 
6   690 1746 1747 1170 1748 1749 
6   691 1749 1750 1176 1751 1737 
6   692 1752 1753 1182 1754 1755 
6   693 1755 1756 1188 1757 1758 
6   694 1758 1759 1194 1760 1761 
6   695 1761 1762 1200 1763 1764 
6   696 1764 1765 1206 1766 1752 
6   697 1767 1768 1212 1769 1770 
6   698 1770 1771 1218 1772 1773 
6   699 1773 1774 1224 1775 1776 
6   700 1776 1777 1230 1778 1779 
6   701 1779 1780 1236 1781 1767 
6   702 1782 1783 885 1784 1785 
6   703 1785 1786 1242 1787 1788 
6   704 1788 1789 1248 1790 1791 
6   705 1791 1792 915 1793 1794 
6   706 1794 1795 1254 1796 1797 
6   707 1797 1798 1260 1799 1782 
6   708 1800 1801 891 1802 1803 
6   709 1803 1804 1263 1805 1806 
6   710 1806 1807 1266 1808 1809 
6   711 1809 1810 945 1811 1812 
6   712 1812 1813 1272 1814 1815 
6   713 1815 1816 1278 1817 1800 
6   714 1818 1819 897 1820 1821 
6   715 1821 1822 1281 1823 1824 
6   716 1824 1825 1284 1826 1827 
6   717 1827 1828 975 1829 1830 
6   718 1830 1831 1290 1832 1833 
6   719 1833 1834 1296 1835 1818 
6   720 1836 1837 903 1838 1839 
6   721 1839 1840 1299 1841 1842 
6   722 1842 1843 1302 1844 1845 
6   723 1845 1846 1005 1847 1848 
6   724 1848 1849 1308 1850 1851 
6   725 1851 1852 1314 1853 1836 
6   726 1854 1855 909 1856 1857 
6   727 1857 1858 1317 1859 1860 
6   728 1860 1861 1320 1862 1863 
6   729 1863 1864 1035 1865 1866 
6   730 1866 1867 1326 1868 1869 
6   731 1869 1870 1245 1871 1854 
6   732 1872 1873 921 1874 1875 
6   733 1875 1876 1251 1877 1878 
6   734 1878 1879 1329 1880 1881 
6   735 1881 1882 1059 1883 1884 
6   736 1884 1885 1332 1886 1887 
6   737 1887 1888 1338 1889 1872 
6   738 1890 1891 927 1892 1893 
6   739 1893 1894 1341 1895 1896 
6   740 1896 1897 1344 1898 1899 
6   741 1899 1900 1065 1901 1902 
6   742 1902 1903 1350 1904 1905 
6   743 1905 1906 1356 1907 1890 
6   744 1908 1909 933 1910 1911 
6   745 1911 1912 1359 1913 1914 
6   746 1914 1915 1362 1916 1917 
6   747 1917 1918 1095 1919 1920 
6   748 1920 1921 1368 1922 1923 
6   749 1923 1924 1374 1925 1908 
6   750 1926 1927 939 1928 1929 
6   751 1929 1930 1377 1931 1932 
6   752 1932 1933 1380 1934 1935 
6   753 1935 1936 951 1937 1938 
6   754 1938 1939 1269 1940 1941 
6   755 1941 1942 1257 1943 1926 
6   756 1944 1945 957 1946 1947 
6   757 1947 1948 1383 1949 1950 
6   758 1950 1951 1371 1952 1953 
6   759 1953 1954 1119 1955 1956 
6   760 1956 1957 1386 1958 1959 
6   761 1959 1960 1392 1961 1944 
6   762 1962 1963 963 1964 1965 
6   763 1965 1966 1395 1967 1968 
6   764 1968 1969 1398 1970 1971 
6   765 1971 1972 1125 1973 1974 
6   766 1974 1975 1404 1976 1977 
6   767 1977 1978 1410 1979 1962 
6   768 1980 1981 969 1982 1983 
6   769 1983 1984 1413 1985 1986 
6   770 1986 1987 1416 1988 1989 
6   771 1989 1990 981 1991 1992 
6   772 1992 1993 1287 1994 1995 
6   773 1995 1996 1275 1997 1980 
6   774 1998 1999 987 2000 2001 
6   775 2001 2002 1419 2003 2004 
6   776 2004 2005 1407 2006 2007 
6   777 2007 2008 1149 2009 2010 
6   778 2010 2011 1422 2012 2013 
6   779 2013 2014 1428 2015 1998 
6   780 2016 2017 993 2018 2019 
6   781 2019 2020 1431 2021 2022 
6   782 2022 2023 1434 2024 2025 
6   783 2025 2026 1155 2027 2028 
6   784 2028 2029 1440 2030 2031 
6   785 2031 2032 1446 2033 2016 
6   786 2034 2035 999 2036 2037 
6   787 2037 2038 1449 2039 2040 
6   788 2040 2041 1452 2042 2043 
6   789 2043 2044 1011 2045 2046 
6   790 2046 2047 1305 2048 2049 
6   791 2049 2050 1293 2051 2034 
6   792 2052 2053 1017 2054 2055 
6   793 2055 2056 1455 2057 2058 
6   794 2058 2059 1443 2060 2061 
6   795 2061 2062 1179 2063 2064 
6   796 2064 2065 1458 2066 2067 
6   797 2067 2068 1464 2069 2052 
6   798 2070 2071 1023 2072 2073 
6   799 2073 2074 1467 2075 2076 
6   800 2076 2077 1470 2078 2079 
6   801 2079 2080 1185 2081 2082 
6   802 2082 2083 1476 2084 2085 
6   803 2085 2086 1482 2087 2070 
6   804 2088 2089 1029 2090 2091 
6   805 2091 2092 1485 2093 2094 
6   806 2094 2095 1488 2096 2097 
6   807 2097 2098 1041 2099 2100 
6   808 2100 2101 1323 2102 2103 
6   809 2103 2104 1311 2105 2088 
6   810 2106 2107 1047 2108 2109 
6   811 2109 2110 1491 2111 2112 
6   812 2112 2113 1479 2114 2115 
6   813 2115 2116 1209 2117 2118 
6   814 2118 2119 1494 2120 2121 
6   815 2121 2122 1500 2123 2106 
6   816 2124 2125 1053 2126 2127 
6   817 2127 2128 1503 2129 2130 
6   818 2130 2131 1506 2132 2133 
6   819 2133 2134 1071 2135 2136 
6   820 2136 2137 1347 2138 2139 
6   821 2139 2140 1335 2141 2124 
6   822 2142 2143 1077 2144 2145 
6   823 2145 2146 1509 2147 2148 
6   824 2148 2149 1497 2150 2151 
6   825 2151 2152 1203 2153 2154 
6   826 2154 2155 1512 2156 2157 
6   827 2157 2158 1518 2159 2142 
6   828 2160 2161 1083 2162 2163 
6   829 2163 2164 1521 2165 2166 
6   830 2166 2167 1524 2168 2169 
6   831 2169 2170 1215 2171 2172 
6   832 2172 2173 1530 2174 2175 
6   833 2175 2176 1536 2177 2160 
6   834 2178 2179 1089 2180 2181 
6   835 2181 2182 1539 2183 2184 
6   836 2184 2185 1542 2186 2187 
6   837 2187 2188 1101 2189 2190 
6   838 2190 2191 1365 2192 2193 
6   839 2193 2194 1353 2195 2178 
6   840 2196 2197 1107 2198 2199 
6   841 2199 2200 1545 2201 2202 
6   842 2202 2203 1533 2204 2205 
6   843 2205 2206 1239 2207 2208 
6   844 2208 2209 1548 2210 2211 
6   845 2211 2212 1554 2213 2196 
6   846 2214 2215 1113 2216 2217 
6   847 2217 2218 1557 2219 2220 
6   848 2220 2221 1560 2222 2223 
6   849 2223 2224 1131 2225 2226 
6   850 2226 2227 1401 2228 2229 
6   851 2229 2230 1389 2231 2214 
6   852 2232 2233 1137 2234 2235 
6   853 2235 2236 1563 2237 2238 
6   854 2238 2239 1551 2240 2241 
6   855 2241 2242 1233 2243 2244 
6   856 2244 2245 1566 2246 2247 
6   857 2247 2248 1572 2249 2232 
6   858 2250 2251 1143 2252 2253 
6   859 2253 2254 1575 2255 2256 
6   860 2256 2257 1578 2258 2259 
6   861 2259 2260 1161 2261 2262 
6   862 2262 2263 1437 2264 2265 
6   863 2265 2266 1425 2267 2250 
6   864 2268 2269 1167 2270 2271 
6   865 2271 2272 1581 2273 2274 
6   866 2274 2275 1569 2276 2277 
6   867 2277 2278 1227 2279 2280 
6   868 2280 2281 1584 2282 2283 
6   869 2283 2284 1590 2285 2268 
6   870 2286 2287 1173 2288 2289 
6   871 2289 2290 1593 2291 2292 
6   872 2292 2293 1596 2294 2295 
6   873 2295 2296 1191 2297 2298 
6   874 2298 2299 1473 2300 2301 
6   875 2301 2302 1461 2303 2286 
6   876 2304 2305 1197 2306 2307 
6   877 2307 2308 1599 2309 2310 
6   878 2310 2311 1587 2312 2313 
6   879 2313 2314 1221 2315 2316 
6   880 2316 2317 1527 2318 2319 
6   881 2319 2320 1515 2321 2304 
6   883 1603 1616 911 2322 2323 
6   884 2323 2324 1243 1786 1784 
6   886 1783 1799 1265 2325 2326 
6   887 2326 2327 889 1606 1604 
6   890 2327 2325 1264 1804 1802 
6   892 1801 1817 1283 2328 2329 
6   893 2329 2330 895 1609 1607 
6   896 2330 2328 1282 1822 1820 
6   898 1819 1835 1301 2331 2332 
6   899 2332 2333 901 1612 1610 
6   902 2333 2331 1300 1840 1838 
6   904 1837 1853 1319 2334 2335 
6   905 2335 2336 907 1615 1613 
6   908 2336 2334 1318 1858 1856 
6   910 1855 1871 1244 2324 2322 
6   913 1618 1631 941 2337 2338 
6   914 2338 2339 1255 1795 1793 
6   916 1792 1790 1253 2340 2341 
6   917 2341 2342 919 1621 1619 
6   920 2342 2340 1252 1876 1874 
6   922 1873 1889 1343 2343 2344 
6   923 2344 2345 925 1624 1622 
6   926 2345 2343 1342 1894 1892 
6   928 1891 1907 1361 2346 2347 
6   929 2347 2348 931 1627 1625 
6   932 2348 2346 1360 1912 1910 
6   934 1909 1925 1379 2349 2350 
6   935 2350 2351 937 1630 1628 
6   938 2351 2349 1378 1930 1928 
6   940 1927 1943 1256 2339 2337 
6   943 1633 1646 971 2352 2353 
6   944 2353 2354 1273 1813 1811 
6   946 1810 1808 1271 2355 2356 
6   947 2356 2357 949 1636 1634 
6   950 2357 2355 1270 1939 1937 
6   952 1936 1934 1385 2358 2359 
6   953 2359 2360 955 1639 1637 
6   956 2360 2358 1384 1948 1946 
6   958 1945 1961 1397 2361 2362 
6   959 2362 2363 961 1642 1640 
6   962 2363 2361 1396 1966 1964 
6   964 1963 1979 1415 2364 2365 
6   965 2365 2366 967 1645 1643 
6   968 2366 2364 1414 1984 1982 
6   970 1981 1997 1274 2354 2352 
6   973 1648 1661 1001 2367 2368 
6   974 2368 2369 1291 1831 1829 
6   976 1828 1826 1289 2370 2371 
6   977 2371 2372 979 1651 1649 
6   980 2372 2370 1288 1993 1991 
6   982 1990 1988 1421 2373 2374 
6   983 2374 2375 985 1654 1652 
6   986 2375 2373 1420 2002 2000 
6   988 1999 2015 1433 2376 2377 
6   989 2377 2378 991 1657 1655 
6   992 2378 2376 1432 2020 2018 
6   994 2017 2033 1451 2379 2380 
6   995 2380 2381 997 1660 1658 
6   998 2381 2379 1450 2038 2036 
6   1000 2035 2051 1292 2369 2367 
6   1003 1663 1676 1031 2382 2383 
6   1004 2383 2384 1309 1849 1847 
6   1006 1846 1844 1307 2385 2386 
6   1007 2386 2387 1009 1666 1664 
6   1010 2387 2385 1306 2047 2045 
6   1012 2044 2042 1457 2388 2389 
6   1013 2389 2390 1015 1669 1667 
6   1016 2390 2388 1456 2056 2054 
6   1018 2053 2069 1469 2391 2392 
6   1019 2392 2393 1021 1672 1670 
6   1022 2393 2391 1468 2074 2072 
6   1024 2071 2087 1487 2394 2395 
6   1025 2395 2396 1027 1675 1673 
6   1028 2396 2394 1486 2092 2090 
6   1030 2089 2105 1310 2384 2382 
6   1033 1678 1691 1061 2397 2398 
6   1034 2398 2399 1327 1867 1865 
6   1036 1864 1862 1325 2400 2401 
6   1037 2401 2402 1039 1681 1679 
6   1040 2402 2400 1324 2101 2099 
6   1042 2098 2096 1493 2403 2404 
6   1043 2404 2405 1045 1684 1682 
6   1046 2405 2403 1492 2110 2108 
6   1048 2107 2123 1505 2406 2407 
6   1049 2407 2408 1051 1687 1685 
6   1052 2408 2406 1504 2128 2126 
6   1054 2125 2141 1334 2409 2410 
6   1055 2410 2411 1057 1690 1688 
6   1058 2411 2409 1333 1885 1883 
6   1060 1882 1880 1328 2399 2397 
6   1063 1693 1706 1091 2412 2413 
6   1064 2413 2414 1351 1903 1901 
6   1066 1900 1898 1349 2415 2416 
6   1067 2416 2417 1069 1696 1694 
6   1070 2417 2415 1348 2137 2135 
6   1072 2134 2132 1511 2418 2419 
6   1073 2419 2420 1075 1699 1697 
6   1076 2420 2418 1510 2146 2144 
6   1078 2143 2159 1523 2421 2422 
6   1079 2422 2423 1081 1702 1700 
6   1082 2423 2421 1522 2164 2162 
6   1084 2161 2177 1541 2424 2425 
6   1085 2425 2426 1087 1705 1703 
6   1088 2426 2424 1540 2182 2180 
6   1090 2179 2195 1352 2414 2412 
6   1093 1708 1721 1121 2427 2428 
6   1094 2428 2429 1369 1921 1919 
6   1096 1918 1916 1367 2430 2431 
6   1097 2431 2432 1099 1711 1709 
6   1100 2432 2430 1366 2191 2189 
6   1102 2188 2186 1547 2433 2434 
6   1103 2434 2435 1105 1714 1712 
6   1106 2435 2433 1546 2200 2198 
6   1108 2197 2213 1559 2436 2437 
6   1109 2437 2438 1111 1717 1715 
6   1112 2438 2436 1558 2218 2216 
6   1114 2215 2231 1388 2439 2440 
6   1115 2440 2441 1117 1720 1718 
6   1118 2441 2439 1387 1957 1955 
6   1120 1954 1952 1370 2429 2427 
6   1123 1723 1736 1151 2442 2443 
6   1124 2443 2444 1405 1975 1973 
6   1126 1972 1970 1403 2445 2446 
6   1127 2446 2447 1129 1726 1724 
6   1130 2447 2445 1402 2227 2225 
6   1132 2224 2222 1565 2448 2449 
6   1133 2449 2450 1135 1729 1727 
6   1136 2450 2448 1564 2236 2234 
6   1138 2233 2249 1577 2451 2452 
6   1139 2452 2453 1141 1732 1730 
6   1142 2453 2451 1576 2254 2252 
6   1144 2251 2267 1424 2454 2455 
6   1145 2455 2456 1147 1735 1733 
6   1148 2456 2454 1423 2011 2009 
6   1150 2008 2006 1406 2444 2442 
6   1153 1738 1751 1181 2457 2458 
6   1154 2458 2459 1441 2029 2027 
6   1156 2026 2024 1439 2460 2461 
6   1157 2461 2462 1159 1741 1739 
6   1160 2462 2460 1438 2263 2261 
6   1162 2260 2258 1583 2463 2464 
6   1163 2464 2465 1165 1744 1742 
6   1166 2465 2463 1582 2272 2270 
6   1168 2269 2285 1595 2466 2467 
6   1169 2467 2468 1171 1747 1745 
6   1172 2468 2466 1594 2290 2288 
6   1174 2287 2303 1460 2469 2470 
6   1175 2470 2471 1177 1750 1748 
6   1178 2471 2469 1459 2065 2063 
6   1180 2062 2060 1442 2459 2457 
6   1183 1753 1766 1211 2472 2473 
6   1184 2473 2474 1477 2083 2081 
6   1186 2080 2078 1475 2475 2476 
6   1187 2476 2477 1189 1756 1754 
6   1190 2477 2475 1474 2299 2297 
6   1192 2296 2294 1601 2478 2479 
6   1193 2479 2480 1195 1759 1757 
6   1196 2480 2478 1600 2308 2306 
6   1198 2305 2321 1514 2481 2482 
6   1199 2482 2483 1201 1762 1760 
6   1202 2483 2481 1513 2155 2153 
6   1204 2152 2150 1496 2484 2485 
6   1205 2485 2486 1207 1765 1763 
6   1208 2486 2484 1495 2119 2117 
6   1210 2116 2114 1478 2474 2472 
6   1213 1768 1781 1241 2487 2488 
6   1214 2488 2489 1531 2173 2171 
6   1216 2170 2168 1529 2490 2491 
6   1217 2491 2492 1219 1771 1769 
6   1220 2492 2490 1528 2317 2315 
6   1222 2314 2312 1586 2493 2494 
6   1223 2494 2495 1225 1774 1772 
6   1226 2495 2493 1585 2281 2279 
6   1228 2278 2276 1568 2496 2497 
6   1229 2497 2498 1231 1777 1775 
6   1232 2498 2496 1567 2245 2243 
6   1234 2242 2240 1550 2499 2500 
6   1235 2500 2501 1237 1780 1778 
6   1238 2501 2499 1549 2209 2207 
6   1240 2206 2204 1532 2489 2487 
6   1246 1870 1868 1331 2502 2503 
6   1247 2503 2504 1249 1789 1787 
6   1250 2504 2502 1330 1879 1877 
6   1258 1942 1940 1268 2505 2506 
6   1259 2506 2507 1261 1798 1796 
6   1262 2507 2505 1267 1807 1805 
6   1276 1996 1994 1286 2508 2509 
6   1277 2509 2510 1279 1816 1814 
6   1280 2510 2508 1285 1825 1823 
6   1294 2050 2048 1304 2511 2512 
6   1295 2512 2513 1297 1834 1832 
6   1298 2513 2511 1303 1843 1841 
6   1312 2104 2102 1322 2514 2515 
6   1313 2515 2516 1315 1852 1850 
6   1316 2516 2514 1321 1861 1859 
6   1336 2140 2138 1346 2517 2518 
6   1337 2518 2519 1339 1888 1886 
6   1340 2519 2517 1345 1897 1895 
6   1354 2194 2192 1364 2520 2521 
6   1355 2521 2522 1357 1906 1904 
6   1358 2522 2520 1363 1915 1913 
6   1372 1951 1949 1382 2523 2524 
6   1373 2524 2525 1375 1924 1922 
6   1376 2525 2523 1381 1933 1931 
6   1390 2230 2228 1400 2526 2527 
6   1391 2527 2528 1393 1960 1958 
6   1394 2528 2526 1399 1969 1967 
6   1408 2005 2003 1418 2529 2530 
6   1409 2530 2531 1411 1978 1976 
6   1412 2531 2529 1417 1987 1985 
6   1426 2266 2264 1436 2532 2533 
6   1427 2533 2534 1429 2014 2012 
6   1430 2534 2532 1435 2023 2021 
6   1444 2059 2057 1454 2535 2536 
6   1445 2536 2537 1447 2032 2030 
6   1448 2537 2535 1453 2041 2039 
6   1462 2302 2300 1472 2538 2539 
6   1463 2539 2540 1465 2068 2066 
6   1466 2540 2538 1471 2077 2075 
6   1480 2113 2111 1490 2541 2542 
6   1481 2542 2543 1483 2086 2084 
6   1484 2543 2541 1489 2095 2093 
6   1498 2149 2147 1508 2544 2545 
6   1499 2545 2546 1501 2122 2120 
6   1502 2546 2544 1507 2131 2129 
6   1516 2320 2318 1526 2547 2548 
6   1517 2548 2549 1519 2158 2156 
6   1520 2549 2547 1525 2167 2165 
6   1534 2203 2201 1544 2550 2551 
6   1535 2551 2552 1537 2176 2174 
6   1538 2552 2550 1543 2185 2183 
6   1552 2239 2237 1562 2553 2554 
6   1553 2554 2555 1555 2212 2210 
6   1556 2555 2553 1561 2221 2219 
6   1570 2275 2273 1580 2556 2557 
6   1571 2557 2558 1573 2248 2246 
6   1574 2558 2556 1579 2257 2255 
6   1588 2311 2309 1598 2559 2560 
6   1589 2560 2561 1591 2284 2282 
6   1592 2561 2559 1597 2293 2291 
6   0 646 1602 162 1605 643 
6   0 642 1605 163 1608 644 
6   0 643 1608 164 1611 645 
6   0 644 1611 165 1614 646 
6   0 645 1614 166 1602 642 
6   1 651 1617 167 1620 648 
6   1 647 1620 168 1623 649 
6   1 648 1623 169 1626 650 
6   1 649 1626 170 1629 651 
6   1 650 1629 171 1617 647 
6   2 656 1632 172 1635 653 
6   2 652 1635 173 1638 654 
6   2 653 1638 174 1641 655 
6   2 654 1641 175 1644 656 
6   2 655 1644 176 1632 652 
6   3 661 1647 177 1650 658 
6   3 657 1650 178 1653 659 
6   3 658 1653 179 1656 660 
6   3 659 1656 180 1659 661 
6   3 660 1659 181 1647 657 
6   4 666 1662 182 1665 663 
6   4 662 1665 183 1668 664 
6   4 663 1668 184 1671 665 
6   4 664 1671 185 1674 666 
6   4 665 1674 186 1662 662 
6   5 671 1677 187 1680 668 
6   5 667 1680 188 1683 669 
6   5 668 1683 189 1686 670 
6   5 669 1686 190 1689 671 
6   5 670 1689 191 1677 667 
6   6 676 1692 192 1695 673 
6   6 672 1695 193 1698 674 
6   6 673 1698 194 1701 675 
6   6 674 1701 195 1704 676 
6   6 675 1704 196 1692 672 
6   7 681 1707 197 1710 678 
6   7 677 1710 198 1713 679 
6   7 678 1713 199 1716 680 
6   7 679 1716 200 1719 681 
6   7 680 1719 201 1707 677 
6   8 686 1722 202 1725 683 
6   8 682 1725 203 1728 684 
6   8 683 1728 204 1731 685 
6   8 684 1731 205 1734 686 
6   8 685 1734 206 1722 682 
6   9 691 1737 207 1740 688 
6   9 687 1740 208 1743 689 
6   9 688 1743 209 1746 690 
6   9 689 1746 210 1749 691 
6   9 690 1749 211 1737 687 
6   10 696 1752 212 1755 693 
6   10 692 1755 213 1758 694 
6   10 693 1758 214 1761 695 
6   10 694 1761 215 1764 696 
6   10 695 1764 216 1752 692 
6   11 701 1767 217 1770 698 
6   11 697 1770 218 1773 699 
6   11 698 1773 219 1776 700 
6   11 699 1776 220 1779 701 
6   11 700 1779 221 1767 697 
6   12 707 1782 222 1785 703 
6   12 702 1785 223 1788 704 
6   12 703 1788 224 1791 705 
6   12 704 1791 225 1794 706 
6   12 705 1794 226 1797 707 
6   12 706 1797 227 1782 702 
6   13 713 1800 228 1803 709 
6   13 708 1803 229 1806 710 
6   13 709 1806 230 1809 711 
6   13 710 1809 231 1812 712 
6   13 711 1812 232 1815 713 
6   13 712 1815 233 1800 708 
6   14 719 1818 234 1821 715 
6   14 714 1821 235 1824 716 
6   14 715 1824 236 1827 717 
6   14 716 1827 237 1830 718 
6   14 717 1830 238 1833 719 
6   14 718 1833 239 1818 714 
6   15 725 1836 240 1839 721 
6   15 720 1839 241 1842 722 
6   15 721 1842 242 1845 723 
6   15 722 1845 243 1848 724 
6   15 723 1848 244 1851 725 
6   15 724 1851 245 1836 720 
6   16 731 1854 246 1857 727 
6   16 726 1857 247 1860 728 
6   16 727 1860 248 1863 729 
6   16 728 1863 249 1866 730 
6   16 729 1866 250 1869 731 
6   16 730 1869 251 1854 726 
6   17 737 1872 252 1875 733 
6   17 732 1875 253 1878 734 
6   17 733 1878 254 1881 735 
6   17 734 1881 255 1884 736 
6   17 735 1884 256 1887 737 
6   17 736 1887 257 1872 732 
6   18 743 1890 258 1893 739 
6   18 738 1893 259 1896 740 
6   18 739 1896 260 1899 741 
6   18 740 1899 261 1902 742 
6   18 741 1902 262 1905 743 
6   18 742 1905 263 1890 738 
6   19 749 1908 264 1911 745 
6   19 744 1911 265 1914 746 
6   19 745 1914 266 1917 747 
6   19 746 1917 267 1920 748 
6   19 747 1920 268 1923 749 
6   19 748 1923 269 1908 744 
6   20 755 1926 270 1929 751 
6   20 750 1929 271 1932 752 
6   20 751 1932 272 1935 753 
6   20 752 1935 273 1938 754 
6   20 753 1938 274 1941 755 
6   20 754 1941 275 1926 750 
6   21 761 1944 276 1947 757 
6   21 756 1947 277 1950 758 
6   21 757 1950 278 1953 759 
6   21 758 1953 279 1956 760 
6   21 759 1956 280 1959 761 
6   21 760 1959 281 1944 756 
6   22 767 1962 282 1965 763 
6   22 762 1965 283 1968 764 
6   22 763 1968 284 1971 765 
6   22 764 1971 285 1974 766 
6   22 765 1974 286 1977 767 
6   22 766 1977 287 1962 762 
6   23 773 1980 288 1983 769 
6   23 768 1983 289 1986 770 
6   23 769 1986 290 1989 771 
6   23 770 1989 291 1992 772 
6   23 771 1992 292 1995 773 
6   23 772 1995 293 1980 768 
6   24 779 1998 294 2001 775 
6   24 774 2001 295 2004 776 
6   24 775 2004 296 2007 777 
6   24 776 2007 297 2010 778 
6   24 777 2010 298 2013 779 
6   24 778 2013 299 1998 774 
6   25 785 2016 300 2019 781 
6   25 780 2019 301 2022 782 
6   25 781 2022 302 2025 783 
6   25 782 2025 303 2028 784 
6   25 783 2028 304 2031 785 
6   25 784 2031 305 2016 780 
6   26 791 2034 306 2037 787 
6   26 786 2037 307 2040 788 
6   26 787 2040 308 2043 789 
6   26 788 2043 309 2046 790 
6   26 789 2046 310 2049 791 
6   26 790 2049 311 2034 786 
6   27 797 2052 312 2055 793 
6   27 792 2055 313 2058 794 
6   27 793 2058 314 2061 795 
6   27 794 2061 315 2064 796 
6   27 795 2064 316 2067 797 
6   27 796 2067 317 2052 792 
6   28 803 2070 318 2073 799 
6   28 798 2073 319 2076 800 
6   28 799 2076 320 2079 801 
6   28 800 2079 321 2082 802 
6   28 801 2082 322 2085 803 
6   28 802 2085 323 2070 798 
6   29 809 2088 324 2091 805 
6   29 804 2091 325 2094 806 
6   29 805 2094 326 2097 807 
6   29 806 2097 327 2100 808 
6   29 807 2100 328 2103 809 
6   29 808 2103 329 2088 804 
6   30 815 2106 330 2109 811 
6   30 810 2109 331 2112 812 
6   30 811 2112 332 2115 813 
6   30 812 2115 333 2118 814 
6   30 813 2118 334 2121 815 
6   30 814 2121 335 2106 810 
6   31 821 2124 336 2127 817 
6   31 816 2127 337 2130 818 
6   31 817 2130 338 2133 819 
6   31 818 2133 339 2136 820 
6   31 819 2136 340 2139 821 
6   31 820 2139 341 2124 816 
6   32 827 2142 342 2145 823 
6   32 822 2145 343 2148 824 
6   32 823 2148 344 2151 825 
6   32 824 2151 345 2154 826 
6   32 825 2154 346 2157 827 
6   32 826 2157 347 2142 822 
6   33 833 2160 348 2163 829 
6   33 828 2163 349 2166 830 
6   33 829 2166 350 2169 831 
6   33 830 2169 351 2172 832 
6   33 831 2172 352 2175 833 
6   33 832 2175 353 2160 828 
6   34 839 2178 354 2181 835 
6   34 834 2181 355 2184 836 
6   34 835 2184 356 2187 837 
6   34 836 2187 357 2190 838 
6   34 837 2190 358 2193 839 
6   34 838 2193 359 2178 834 
6   35 845 2196 360 2199 841 
6   35 840 2199 361 2202 842 
6   35 841 2202 362 2205 843 
6   35 842 2205 363 2208 844 
6   35 843 2208 364 2211 845 
6   35 844 2211 365 2196 840 
6   36 851 2214 366 2217 847 
6   36 846 2217 367 2220 848 
6   36 847 2220 368 2223 849 
6   36 848 2223 369 2226 850 
6   36 849 2226 370 2229 851 
6   36 850 2229 371 2214 846 
6   37 857 2232 372 2235 853 
6   37 852 2235 373 2238 854 
6   37 853 2238 374 2241 855 
6   37 854 2241 375 2244 856 
6   37 855 2244 376 2247 857 
6   37 856 2247 377 2232 852 
6   38 863 2250 378 2253 859 
6   38 858 2253 379 2256 860 
6   38 859 2256 380 2259 861 
6   38 860 2259 381 2262 862 
6   38 861 2262 382 2265 863 
6   38 862 2265 383 2250 858 
6   39 869 2268 384 2271 865 
6   39 864 2271 385 2274 866 
6   39 865 2274 386 2277 867 
6   39 866 2277 387 2280 868 
6   39 867 2280 388 2283 869 
6   39 868 2283 389 2268 864 
6   40 875 2286 390 2289 871 
6   40 870 2289 391 2292 872 
6   40 871 2292 392 2295 873 
6   40 872 2295 393 2298 874 
6   40 873 2298 394 2301 875 
6   40 874 2301 395 2286 870 
6   41 881 2304 396 2307 877 
6   41 876 2307 397 2310 878 
6   41 877 2310 398 2313 879 
6   41 878 2313 399 2316 880 
6   41 879 2316 400 2319 881 
6   41 880 2319 401 2304 876 
6   42 887 1604 162 1603 883 
6   42 882 1603 402 2323 884 
6   42 883 2323 403 1784 885 
6   42 884 1784 222 1783 886 
6   42 885 1783 404 2326 887 
6   42 886 2326 405 1604 882 
6   43 893 1607 163 1606 889 
6   43 888 1606 405 2327 890 
6   43 889 2327 406 1802 891 
6   43 890 1802 228 1801 892 
6   43 891 1801 407 2329 893 
6   43 892 2329 408 1607 888 
6   44 899 1610 164 1609 895 
6   44 894 1609 408 2330 896 
6   44 895 2330 409 1820 897 
6   44 896 1820 234 1819 898 
6   44 897 1819 410 2332 899 
6   44 898 2332 411 1610 894 
6   45 905 1613 165 1612 901 
6   45 900 1612 411 2333 902 
6   45 901 2333 412 1838 903 
6   45 902 1838 240 1837 904 
6   45 903 1837 413 2335 905 
6   45 904 2335 414 1613 900 
6   46 911 1616 166 1615 907 
6   46 906 1615 414 2336 908 
6   46 907 2336 415 1856 909 
6   46 908 1856 246 1855 910 
6   46 909 1855 416 2322 911 
6   46 910 2322 402 1616 906 
6   47 917 1619 167 1618 913 
6   47 912 1618 417 2338 914 
6   47 913 2338 418 1793 915 
6   47 914 1793 225 1792 916 
6   47 915 1792 419 2341 917 
6   47 916 2341 420 1619 912 
6   48 923 1622 168 1621 919 
6   48 918 1621 420 2342 920 
6   48 919 2342 421 1874 921 
6   48 920 1874 252 1873 922 
6   48 921 1873 422 2344 923 
6   48 922 2344 423 1622 918 
6   49 929 1625 169 1624 925 
6   49 924 1624 423 2345 926 
6   49 925 2345 424 1892 927 
6   49 926 1892 258 1891 928 
6   49 927 1891 425 2347 929 
6   49 928 2347 426 1625 924 
6   50 935 1628 170 1627 931 
6   50 930 1627 426 2348 932 
6   50 931 2348 427 1910 933 
6   50 932 1910 264 1909 934 
6   50 933 1909 428 2350 935 
6   50 934 2350 429 1628 930 
6   51 941 1631 171 1630 937 
6   51 936 1630 429 2351 938 
6   51 937 2351 430 1928 939 
6   51 938 1928 270 1927 940 
6   51 939 1927 431 2337 941 
6   51 940 2337 417 1631 936 
6   52 947 1634 172 1633 943 
6   52 942 1633 432 2353 944 
6   52 943 2353 433 1811 945 
6   52 944 1811 231 1810 946 
6   52 945 1810 434 2356 947 
6   52 946 2356 435 1634 942 
6   53 953 1637 173 1636 949 
6   53 948 1636 435 2357 950 
6   53 949 2357 436 1937 951 
6   53 950 1937 273 1936 952 
6   53 951 1936 437 2359 953 
6   53 952 2359 438 1637 948 
6   54 959 1640 174 1639 955 
6   54 954 1639 438 2360 956 
6   54 955 2360 439 1946 957 
6   54 956 1946 276 1945 958 
6   54 957 1945 440 2362 959 
6   54 958 2362 441 1640 954 
6   55 965 1643 175 1642 961 
6   55 960 1642 441 2363 962 
6   55 961 2363 442 1964 963 
6   55 962 1964 282 1963 964 
6   55 963 1963 443 2365 965 
6   55 964 2365 444 1643 960 
6   56 971 1646 176 1645 967 
6   56 966 1645 444 2366 968 
6   56 967 2366 445 1982 969 
6   56 968 1982 288 1981 970 
6   56 969 1981 446 2352 971 
6   56 970 2352 432 1646 966 
6   57 977 1649 177 1648 973 
6   57 972 1648 447 2368 974 
6   57 973 2368 448 1829 975 
6   57 974 1829 237 1828 976 
6   57 975 1828 449 2371 977 
6   57 976 2371 450 1649 972 
6   58 983 1652 178 1651 979 
6   58 978 1651 450 2372 980 
6   58 979 2372 451 1991 981 
6   58 980 1991 291 1990 982 
6   58 981 1990 452 2374 983 
6   58 982 2374 453 1652 978 
6   59 989 1655 179 1654 985 
6   59 984 1654 453 2375 986 
6   59 985 2375 454 2000 987 
6   59 986 2000 294 1999 988 
6   59 987 1999 455 2377 989 
6   59 988 2377 456 1655 984 
6   60 995 1658 180 1657 991 
6   60 990 1657 456 2378 992 
6   60 991 2378 457 2018 993 
6   60 992 2018 300 2017 994 
6   60 993 2017 458 2380 995 
6   60 994 2380 459 1658 990 
6   61 1001 1661 181 1660 997 
6   61 996 1660 459 2381 998 
6   61 997 2381 460 2036 999 
6   61 998 2036 306 2035 1000 
6   61 999 2035 461 2367 1001 
6   61 1000 2367 447 1661 996 
6   62 1007 1664 182 1663 1003 
6   62 1002 1663 462 2383 1004 
6   62 1003 2383 463 1847 1005 
6   62 1004 1847 243 1846 1006 
6   62 1005 1846 464 2386 1007 
6   62 1006 2386 465 1664 1002 
6   63 1013 1667 183 1666 1009 
6   63 1008 1666 465 2387 1010 
6   63 1009 2387 466 2045 1011 
6   63 1010 2045 309 2044 1012 
6   63 1011 2044 467 2389 1013 
6   63 1012 2389 468 1667 1008 
6   64 1019 1670 184 1669 1015 
6   64 1014 1669 468 2390 1016 
6   64 1015 2390 469 2054 1017 
6   64 1016 2054 312 2053 1018 
6   64 1017 2053 470 2392 1019 
6   64 1018 2392 471 1670 1014 
6   65 1025 1673 185 1672 1021 
6   65 1020 1672 471 2393 1022 
6   65 1021 2393 472 2072 1023 
6   65 1022 2072 318 2071 1024 
6   65 1023 2071 473 2395 1025 
6   65 1024 2395 474 1673 1020 
6   66 1031 1676 186 1675 1027 
6   66 1026 1675 474 2396 1028 
6   66 1027 2396 475 2090 1029 
6   66 1028 2090 324 2089 1030 
6   66 1029 2089 476 2382 1031 
6   66 1030 2382 462 1676 1026 
6   67 1037 1679 187 1678 1033 
6   67 1032 1678 477 2398 1034 
6   67 1033 2398 478 1865 1035 
6   67 1034 1865 249 1864 1036 
6   67 1035 1864 479 2401 1037 
6   67 1036 2401 480 1679 1032 
6   68 1043 1682 188 1681 1039 
6   68 1038 1681 480 2402 1040 
6   68 1039 2402 481 2099 1041 
6   68 1040 2099 327 2098 1042 
6   68 1041 2098 482 2404 1043 
6   68 1042 2404 483 1682 1038 
6   69 1049 1685 189 1684 1045 
6   69 1044 1684 483 2405 1046 
6   69 1045 2405 484 2108 1047 
6   69 1046 2108 330 2107 1048 
6   69 1047 2107 485 2407 1049 
6   69 1048 2407 486 1685 1044 
6   70 1055 1688 190 1687 1051 
6   70 1050 1687 486 2408 1052 
6   70 1051 2408 487 2126 1053 
6   70 1052 2126 336 2125 1054 
6   70 1053 2125 488 2410 1055 
6   70 1054 2410 489 1688 1050 
6   71 1061 1691 191 1690 1057 
6   71 1056 1690 489 2411 1058 
6   71 1057 2411 490 1883 1059 
6   71 1058 1883 255 1882 1060 
6   71 1059 1882 491 2397 1061 
6   71 1060 2397 477 1691 1056 
6   72 1067 1694 192 1693 1063 
6   72 1062 1693 492 2413 1064 
6   72 1063 2413 493 1901 1065 
6   72 1064 1901 261 1900 1066 
6   72 1065 1900 494 2416 1067 
6   72 1066 2416 495 1694 1062 
6   73 1073 1697 193 1696 1069 
6   73 1068 1696 495 2417 1070 
6   73 1069 2417 496 2135 1071 
6   73 1070 2135 339 2134 1072 
6   73 1071 2134 497 2419 1073 
6   73 1072 2419 498 1697 1068 
6   74 1079 1700 194 1699 1075 
6   74 1074 1699 498 2420 1076 
6   74 1075 2420 499 2144 1077 
6   74 1076 2144 342 2143 1078 
6   74 1077 2143 500 2422 1079 
6   74 1078 2422 501 1700 1074 
6   75 1085 1703 195 1702 1081 
6   75 1080 1702 501 2423 1082 
6   75 1081 2423 502 2162 1083 
6   75 1082 2162 348 2161 1084 
6   75 1083 2161 503 2425 1085 
6   75 1084 2425 504 1703 1080 
6   76 1091 1706 196 1705 1087 
6   76 1086 1705 504 2426 1088 
6   76 1087 2426 505 2180 1089 
6   76 1088 2180 354 2179 1090 
6   76 1089 2179 506 2412 1091 
6   76 1090 2412 492 1706 1086 
6   77 1097 1709 197 1708 1093 
6   77 1092 1708 507 2428 1094 
6   77 1093 2428 508 1919 1095 
6   77 1094 1919 267 1918 1096 
6   77 1095 1918 509 2431 1097 
6   77 1096 2431 510 1709 1092 
6   78 1103 1712 198 1711 1099 
6   78 1098 1711 510 2432 1100 
6   78 1099 2432 511 2189 1101 
6   78 1100 2189 357 2188 1102 
6   78 1101 2188 512 2434 1103 
6   78 1102 2434 513 1712 1098 
6   79 1109 1715 199 1714 1105 
6   79 1104 1714 513 2435 1106 
6   79 1105 2435 514 2198 1107 
6   79 1106 2198 360 2197 1108 
6   79 1107 2197 515 2437 1109 
6   79 1108 2437 516 1715 1104 
6   80 1115 1718 200 1717 1111 
6   80 1110 1717 516 2438 1112 
6   80 1111 2438 517 2216 1113 
6   80 1112 2216 366 2215 1114 
6   80 1113 2215 518 2440 1115 
6   80 1114 2440 519 1718 1110 
6   81 1121 1721 201 1720 1117 
6   81 1116 1720 519 2441 1118 
6   81 1117 2441 520 1955 1119 
6   81 1118 1955 279 1954 1120 
6   81 1119 1954 521 2427 1121 
6   81 1120 2427 507 1721 1116 
6   82 1127 1724 202 1723 1123 
6   82 1122 1723 522 2443 1124 
6   82 1123 2443 523 1973 1125 
6   82 1124 1973 285 1972 1126 
6   82 1125 1972 524 2446 1127 
6   82 1126 2446 525 1724 1122 
6   83 1133 1727 203 1726 1129 
6   83 1128 1726 525 2447 1130 
6   83 1129 2447 526 2225 1131 
6   83 1130 2225 369 2224 1132 
6   83 1131 2224 527 2449 1133 
6   83 1132 2449 528 1727 1128 
6   84 1139 1730 204 1729 1135 
6   84 1134 1729 528 2450 1136 
6   84 1135 2450 529 2234 1137 
6   84 1136 2234 372 2233 1138 
6   84 1137 2233 530 2452 1139 
6   84 1138 2452 531 1730 1134 
6   85 1145 1733 205 1732 1141 
6   85 1140 1732 531 2453 1142 
6   85 1141 2453 532 2252 1143 
6   85 1142 2252 378 2251 1144 
6   85 1143 2251 533 2455 1145 
6   85 1144 2455 534 1733 1140 
6   86 1151 1736 206 1735 1147 
6   86 1146 1735 534 2456 1148 
6   86 1147 2456 535 2009 1149 
6   86 1148 2009 297 2008 1150 
6   86 1149 2008 536 2442 1151 
6   86 1150 2442 522 1736 1146 
6   87 1157 1739 207 1738 1153 
6   87 1152 1738 537 2458 1154 
6   87 1153 2458 538 2027 1155 
6   87 1154 2027 303 2026 1156 
6   87 1155 2026 539 2461 1157 
6   87 1156 2461 540 1739 1152 
6   88 1163 1742 208 1741 1159 
6   88 1158 1741 540 2462 1160 
6   88 1159 2462 541 2261 1161 
6   88 1160 2261 381 2260 1162 
6   88 1161 2260 542 2464 1163 
6   88 1162 2464 543 1742 1158 
6   89 1169 1745 209 1744 1165 
6   89 1164 1744 543 2465 1166 
6   89 1165 2465 544 2270 1167 
6   89 1166 2270 384 2269 1168 
6   89 1167 2269 545 2467 1169 
6   89 1168 2467 546 1745 1164 
6   90 1175 1748 210 1747 1171 
6   90 1170 1747 546 2468 1172 
6   90 1171 2468 547 2288 1173 
6   90 1172 2288 390 2287 1174 
6   90 1173 2287 548 2470 1175 
6   90 1174 2470 549 1748 1170 
6   91 1181 1751 211 1750 1177 
6   91 1176 1750 549 2471 1178 
6   91 1177 2471 550 2063 1179 
6   91 1178 2063 315 2062 1180 
6   91 1179 2062 551 2457 1181 
6   91 1180 2457 537 1751 1176 
6   92 1187 1754 212 1753 1183 
6   92 1182 1753 552 2473 1184 
6   92 1183 2473 553 2081 1185 
6   92 1184 2081 321 2080 1186 
6   92 1185 2080 554 2476 1187 
6   92 1186 2476 555 1754 1182 
6   93 1193 1757 213 1756 1189 
6   93 1188 1756 555 2477 1190 
6   93 1189 2477 556 2297 1191 
6   93 1190 2297 393 2296 1192 
6   93 1191 2296 557 2479 1193 
6   93 1192 2479 558 1757 1188 
6   94 1199 1760 214 1759 1195 
6   94 1194 1759 558 2480 1196 
6   94 1195 2480 559 2306 1197 
6   94 1196 2306 396 2305 1198 
6   94 1197 2305 560 2482 1199 
6   94 1198 2482 561 1760 1194 
6   95 1205 1763 215 1762 1201 
6   95 1200 1762 561 2483 1202 
6   95 1201 2483 562 2153 1203 
6   95 1202 2153 345 2152 1204 
6   95 1203 2152 563 2485 1205 
6   95 1204 2485 564 1763 1200 
6   96 1211 1766 216 1765 1207 
6   96 1206 1765 564 2486 1208 
6   96 1207 2486 565 2117 1209 
6   96 1208 2117 333 2116 1210 
6   96 1209 2116 566 2472 1211 
6   96 1210 2472 552 1766 1206 
6   97 1217 1769 217 1768 1213 
6   97 1212 1768 567 2488 1214 
6   97 1213 2488 568 2171 1215 
6   97 1214 2171 351 2170 1216 
6   97 1215 2170 569 2491 1217 
6   97 1216 2491 570 1769 1212 
6   98 1223 1772 218 1771 1219 
6   98 1218 1771 570 2492 1220 
6   98 1219 2492 571 2315 1221 
6   98 1220 2315 399 2314 1222 
6   98 1221 2314 572 2494 1223 
6   98 1222 2494 573 1772 1218 
6   99 1229 1775 219 1774 1225 
6   99 1224 1774 573 2495 1226 
6   99 1225 2495 574 2279 1227 
6   99 1226 2279 387 2278 1228 
6   99 1227 2278 575 2497 1229 
6   99 1228 2497 576 1775 1224 
6   100 1235 1778 220 1777 1231 
6   100 1230 1777 576 2498 1232 
6   100 1231 2498 577 2243 1233 
6   100 1232 2243 375 2242 1234 
6   100 1233 2242 578 2500 1235 
6   100 1234 2500 579 1778 1230 
6   101 1241 1781 221 1780 1237 
6   101 1236 1780 579 2501 1238 
6   101 1237 2501 580 2207 1239 
6   101 1238 2207 363 2206 1240 
6   101 1239 2206 581 2487 1241 
6   101 1240 2487 567 1781 1236 
6   102 1247 1787 223 1786 1243 
6   102 1242 1786 403 2324 1244 
6   102 1243 2324 416 1871 1245 
6   102 1244 1871 251 1870 1246 
6   102 1245 1870 582 2503 1247 
6   102 1246 2503 583 1787 1242 
6   103 1253 1790 224 1789 1249 
6   103 1248 1789 583 2504 1250 
6   103 1249 2504 584 1877 1251 
6   103 1250 1877 253 1876 1252 
6   103 1251 1876 421 2340 1253 
6   103 1252 2340 419 1790 1248 
6   104 1259 1796 226 1795 1255 
6   104 1254 1795 418 2339 1256 
6   104 1255 2339 431 1943 1257 
6   104 1256 1943 275 1942 1258 
6   104 1257 1942 585 2506 1259 
6   104 1258 2506 586 1796 1254 
6   105 1265 1799 227 1798 1261 
6   105 1260 1798 586 2507 1262 
6   105 1261 2507 587 1805 1263 
6   105 1262 1805 229 1804 1264 
6   105 1263 1804 406 2325 1265 
6   105 1264 2325 404 1799 1260 
6   106 1271 1808 230 1807 1267 
6   106 1266 1807 587 2505 1268 
6   106 1267 2505 585 1940 1269 
6   106 1268 1940 274 1939 1270 
6   106 1269 1939 436 2355 1271 
6   106 1270 2355 434 1808 1266 
6   107 1277 1814 232 1813 1273 
6   107 1272 1813 433 2354 1274 
6   107 1273 2354 446 1997 1275 
6   107 1274 1997 293 1996 1276 
6   107 1275 1996 588 2509 1277 
6   107 1276 2509 589 1814 1272 
6   108 1283 1817 233 1816 1279 
6   108 1278 1816 589 2510 1280 
6   108 1279 2510 590 1823 1281 
6   108 1280 1823 235 1822 1282 
6   108 1281 1822 409 2328 1283 
6   108 1282 2328 407 1817 1278 
6   109 1289 1826 236 1825 1285 
6   109 1284 1825 590 2508 1286 
6   109 1285 2508 588 1994 1287 
6   109 1286 1994 292 1993 1288 
6   109 1287 1993 451 2370 1289 
6   109 1288 2370 449 1826 1284 
6   110 1295 1832 238 1831 1291 
6   110 1290 1831 448 2369 1292 
6   110 1291 2369 461 2051 1293 
6   110 1292 2051 311 2050 1294 
6   110 1293 2050 591 2512 1295 
6   110 1294 2512 592 1832 1290 
6   111 1301 1835 239 1834 1297 
6   111 1296 1834 592 2513 1298 
6   111 1297 2513 593 1841 1299 
6   111 1298 1841 241 1840 1300 
6   111 1299 1840 412 2331 1301 
6   111 1300 2331 410 1835 1296 
6   112 1307 1844 242 1843 1303 
6   112 1302 1843 593 2511 1304 
6   112 1303 2511 591 2048 1305 
6   112 1304 2048 310 2047 1306 
6   112 1305 2047 466 2385 1307 
6   112 1306 2385 464 1844 1302 
6   113 1313 1850 244 1849 1309 
6   113 1308 1849 463 2384 1310 
6   113 1309 2384 476 2105 1311 
6   113 1310 2105 329 2104 1312 
6   113 1311 2104 594 2515 1313 
6   113 1312 2515 595 1850 1308 
6   114 1319 1853 245 1852 1315 
6   114 1314 1852 595 2516 1316 
6   114 1315 2516 596 1859 1317 
6   114 1316 1859 247 1858 1318 
6   114 1317 1858 415 2334 1319 
6   114 1318 2334 413 1853 1314 
6   115 1325 1862 248 1861 1321 
6   115 1320 1861 596 2514 1322 
6   115 1321 2514 594 2102 1323 
6   115 1322 2102 328 2101 1324 
6   115 1323 2101 481 2400 1325 
6   115 1324 2400 479 1862 1320 
6   116 1331 1868 250 1867 1327 
6   116 1326 1867 478 2399 1328 
6   116 1327 2399 491 1880 1329 
6   116 1328 1880 254 1879 1330 
6   116 1329 1879 584 2502 1331 
6   116 1330 2502 582 1868 1326 
6   117 1337 1886 256 1885 1333 
6   117 1332 1885 490 2409 1334 
6   117 1333 2409 488 2141 1335 
6   117 1334 2141 341 2140 1336 
6   117 1335 2140 597 2518 1337 
6   117 1336 2518 598 1886 1332 
6   118 1343 1889 257 1888 1339 
6   118 1338 1888 598 2519 1340 
6   118 1339 2519 599 1895 1341 
6   118 1340 1895 259 1894 1342 
6   118 1341 1894 424 2343 1343 
6   118 1342 2343 422 1889 1338 
6   119 1349 1898 260 1897 1345 
6   119 1344 1897 599 2517 1346 
6   119 1345 2517 597 2138 1347 
6   119 1346 2138 340 2137 1348 
6   119 1347 2137 496 2415 1349 
6   119 1348 2415 494 1898 1344 
6   120 1355 1904 262 1903 1351 
6   120 1350 1903 493 2414 1352 
6   120 1351 2414 506 2195 1353 
6   120 1352 2195 359 2194 1354 
6   120 1353 2194 600 2521 1355 
6   120 1354 2521 601 1904 1350 
6   121 1361 1907 263 1906 1357 
6   121 1356 1906 601 2522 1358 
6   121 1357 2522 602 1913 1359 
6   121 1358 1913 265 1912 1360 
6   121 1359 1912 427 2346 1361 
6   121 1360 2346 425 1907 1356 
6   122 1367 1916 266 1915 1363 
6   122 1362 1915 602 2520 1364 
6   122 1363 2520 600 2192 1365 
6   122 1364 2192 358 2191 1366 
6   122 1365 2191 511 2430 1367 
6   122 1366 2430 509 1916 1362 
6   123 1373 1922 268 1921 1369 
6   123 1368 1921 508 2429 1370 
6   123 1369 2429 521 1952 1371 
6   123 1370 1952 278 1951 1372 
6   123 1371 1951 603 2524 1373 
6   123 1372 2524 604 1922 1368 
6   124 1379 1925 269 1924 1375 
6   124 1374 1924 604 2525 1376 
6   124 1375 2525 605 1931 1377 
6   124 1376 1931 271 1930 1378 
6   124 1377 1930 430 2349 1379 
6   124 1378 2349 428 1925 1374 
6   125 1385 1934 272 1933 1381 
6   125 1380 1933 605 2523 1382 
6   125 1381 2523 603 1949 1383 
6   125 1382 1949 277 1948 1384 
6   125 1383 1948 439 2358 1385 
6   125 1384 2358 437 1934 1380 
6   126 1391 1958 280 1957 1387 
6   126 1386 1957 520 2439 1388 
6   126 1387 2439 518 2231 1389 
6   126 1388 2231 371 2230 1390 
6   126 1389 2230 606 2527 1391 
6   126 1390 2527 607 1958 1386 
6   127 1397 1961 281 1960 1393 
6   127 1392 1960 607 2528 1394 
6   127 1393 2528 608 1967 1395 
6   127 1394 1967 283 1966 1396 
6   127 1395 1966 442 2361 1397 
6   127 1396 2361 440 1961 1392 
6   128 1403 1970 284 1969 1399 
6   128 1398 1969 608 2526 1400 
6   128 1399 2526 606 2228 1401 
6   128 1400 2228 370 2227 1402 
6   128 1401 2227 526 2445 1403 
6   128 1402 2445 524 1970 1398 
6   129 1409 1976 286 1975 1405 
6   129 1404 1975 523 2444 1406 
6   129 1405 2444 536 2006 1407 
6   129 1406 2006 296 2005 1408 
6   129 1407 2005 609 2530 1409 
6   129 1408 2530 610 1976 1404 
6   130 1415 1979 287 1978 1411 
6   130 1410 1978 610 2531 1412 
6   130 1411 2531 611 1985 1413 
6   130 1412 1985 289 1984 1414 
6   130 1413 1984 445 2364 1415 
6   130 1414 2364 443 1979 1410 
6   131 1421 1988 290 1987 1417 
6   131 1416 1987 611 2529 1418 
6   131 1417 2529 609 2003 1419 
6   131 1418 2003 295 2002 1420 
6   131 1419 2002 454 2373 1421 
6   131 1420 2373 452 1988 1416 
6   132 1427 2012 298 2011 1423 
6   132 1422 2011 535 2454 1424 
6   132 1423 2454 533 2267 1425 
6   132 1424 2267 383 2266 1426 
6   132 1425 2266 612 2533 1427 
6   132 1426 2533 613 2012 1422 
6   133 1433 2015 299 2014 1429 
6   133 1428 2014 613 2534 1430 
6   133 1429 2534 614 2021 1431 
6   133 1430 2021 301 2020 1432 
6   133 1431 2020 457 2376 1433 
6   133 1432 2376 455 2015 1428 
6   134 1439 2024 302 2023 1435 
6   134 1434 2023 614 2532 1436 
6   134 1435 2532 612 2264 1437 
6   134 1436 2264 382 2263 1438 
6   134 1437 2263 541 2460 1439 
6   134 1438 2460 539 2024 1434 
6   135 1445 2030 304 2029 1441 
6   135 1440 2029 538 2459 1442 
6   135 1441 2459 551 2060 1443 
6   135 1442 2060 314 2059 1444 
6   135 1443 2059 615 2536 1445 
6   135 1444 2536 616 2030 1440 
6   136 1451 2033 305 2032 1447 
6   136 1446 2032 616 2537 1448 
6   136 1447 2537 617 2039 1449 
6   136 1448 2039 307 2038 1450 
6   136 1449 2038 460 2379 1451 
6   136 1450 2379 458 2033 1446 
6   137 1457 2042 308 2041 1453 
6   137 1452 2041 617 2535 1454 
6   137 1453 2535 615 2057 1455 
6   137 1454 2057 313 2056 1456 
6   137 1455 2056 469 2388 1457 
6   137 1456 2388 467 2042 1452 
6   138 1463 2066 316 2065 1459 
6   138 1458 2065 550 2469 1460 
6   138 1459 2469 548 2303 1461 
6   138 1460 2303 395 2302 1462 
6   138 1461 2302 618 2539 1463 
6   138 1462 2539 619 2066 1458 
6   139 1469 2069 317 2068 1465 
6   139 1464 2068 619 2540 1466 
6   139 1465 2540 620 2075 1467 
6   139 1466 2075 319 2074 1468 
6   139 1467 2074 472 2391 1469 
6   139 1468 2391 470 2069 1464 
6   140 1475 2078 320 2077 1471 
6   140 1470 2077 620 2538 1472 
6   140 1471 2538 618 2300 1473 
6   140 1472 2300 394 2299 1474 
6   140 1473 2299 556 2475 1475 
6   140 1474 2475 554 2078 1470 
6   141 1481 2084 322 2083 1477 
6   141 1476 2083 553 2474 1478 
6   141 1477 2474 566 2114 1479 
6   141 1478 2114 332 2113 1480 
6   141 1479 2113 621 2542 1481 
6   141 1480 2542 622 2084 1476 
6   142 1487 2087 323 2086 1483 
6   142 1482 2086 622 2543 1484 
6   142 1483 2543 623 2093 1485 
6   142 1484 2093 325 2092 1486 
6   142 1485 2092 475 2394 1487 
6   142 1486 2394 473 2087 1482 
6   143 1493 2096 326 2095 1489 
6   143 1488 2095 623 2541 1490 
6   143 1489 2541 621 2111 1491 
6   143 1490 2111 331 2110 1492 
6   143 1491 2110 484 2403 1493 
6   143 1492 2403 482 2096 1488 
6   144 1499 2120 334 2119 1495 
6   144 1494 2119 565 2484 1496 
6   144 1495 2484 563 2150 1497 
6   144 1496 2150 344 2149 1498 
6   144 1497 2149 624 2545 1499 
6   144 1498 2545 625 2120 1494 
6   145 1505 2123 335 2122 1501 
6   145 1500 2122 625 2546 1502 
6   145 1501 2546 626 2129 1503 
6   145 1502 2129 337 2128 1504 
6   145 1503 2128 487 2406 1505 
6   145 1504 2406 485 2123 1500 
6   146 1511 2132 338 2131 1507 
6   146 1506 2131 626 2544 1508 
6   146 1507 2544 624 2147 1509 
6   146 1508 2147 343 2146 1510 
6   146 1509 2146 499 2418 1511 
6   146 1510 2418 497 2132 1506 
6   147 1517 2156 346 2155 1513 
6   147 1512 2155 562 2481 1514 
6   147 1513 2481 560 2321 1515 
6   147 1514 2321 401 2320 1516 
6   147 1515 2320 627 2548 1517 
6   147 1516 2548 628 2156 1512 
6   148 1523 2159 347 2158 1519 
6   148 1518 2158 628 2549 1520 
6   148 1519 2549 629 2165 1521 
6   148 1520 2165 349 2164 1522 
6   148 1521 2164 502 2421 1523 
6   148 1522 2421 500 2159 1518 
6   149 1529 2168 350 2167 1525 
6   149 1524 2167 629 2547 1526 
6   149 1525 2547 627 2318 1527 
6   149 1526 2318 400 2317 1528 
6   149 1527 2317 571 2490 1529 
6   149 1528 2490 569 2168 1524 
6   150 1535 2174 352 2173 1531 
6   150 1530 2173 568 2489 1532 
6   150 1531 2489 581 2204 1533 
6   150 1532 2204 362 2203 1534 
6   150 1533 2203 630 2551 1535 
6   150 1534 2551 631 2174 1530 
6   151 1541 2177 353 2176 1537 
6   151 1536 2176 631 2552 1538 
6   151 1537 2552 632 2183 1539 
6   151 1538 2183 355 2182 1540 
6   151 1539 2182 505 2424 1541 
6   151 1540 2424 503 2177 1536 
6   152 1547 2186 356 2185 1543 
6   152 1542 2185 632 2550 1544 
6   152 1543 2550 630 2201 1545 
6   152 1544 2201 361 2200 1546 
6   152 1545 2200 514 2433 1547 
6   152 1546 2433 512 2186 1542 
6   153 1553 2210 364 2209 1549 
6   153 1548 2209 580 2499 1550 
6   153 1549 2499 578 2240 1551 
6   153 1550 2240 374 2239 1552 
6   153 1551 2239 633 2554 1553 
6   153 1552 2554 634 2210 1548 
6   154 1559 2213 365 2212 1555 
6   154 1554 2212 634 2555 1556 
6   154 1555 2555 635 2219 1557 
6   154 1556 2219 367 2218 1558 
6   154 1557 2218 517 2436 1559 
6   154 1558 2436 515 2213 1554 
6   155 1565 2222 368 2221 1561 
6   155 1560 2221 635 2553 1562 
6   155 1561 2553 633 2237 1563 
6   155 1562 2237 373 2236 1564 
6   155 1563 2236 529 2448 1565 
6   155 1564 2448 527 2222 1560 
6   156 1571 2246 376 2245 1567 
6   156 1566 2245 577 2496 1568 
6   156 1567 2496 575 2276 1569 
6   156 1568 2276 386 2275 1570 
6   156 1569 2275 636 2557 1571 
6   156 1570 2557 637 2246 1566 
6   157 1577 2249 377 2248 1573 
6   157 1572 2248 637 2558 1574 
6   157 1573 2558 638 2255 1575 
6   157 1574 2255 379 2254 1576 
6   157 1575 2254 532 2451 1577 
6   157 1576 2451 530 2249 1572 
6   158 1583 2258 380 2257 1579 
6   158 1578 2257 638 2556 1580 
6   158 1579 2556 636 2273 1581 
6   158 1580 2273 385 2272 1582 
6   158 1581 2272 544 2463 1583 
6   158 1582 2463 542 2258 1578 
6   159 1589 2282 388 2281 1585 
6   159 1584 2281 574 2493 1586 
6   159 1585 2493 572 2312 1587 
6   159 1586 2312 398 2311 1588 
6   159 1587 2311 639 2560 1589 
6   159 1588 2560 640 2282 1584 
6   160 1595 2285 389 2284 1591 
6   160 1590 2284 640 2561 1592 
6   160 1591 2561 641 2291 1593 
6   160 1592 2291 391 2290 1594 
6   160 1593 2290 547 2466 1595 
6   160 1594 2466 545 2285 1590 
6   161 1601 2294 392 2293 1597 
6   161 1596 2293 641 2559 1598 
6   161 1597 2559 639 2309 1599 
6   161 1598 2309 397 2308 1600 
6   161 1599 2308 559 2478 1601 
6   161 1600 2478 557 2294 1596 
6   162 642 646 166 1616 1603 
6   162 1602 1616 402 883 882 
6   162 882 887 405 1606 1605 
6   162 1604 1606 163 643 642 
6   163 1605 1604 405 889 888 
6   163 888 893 408 1609 1608 
6   163 1607 1609 164 644 643 
6   164 1608 1607 408 895 894 
6   164 894 899 411 1612 1611 
6   164 1610 1612 165 645 644 
6   165 1611 1610 411 901 900 
6   165 900 905 414 1615 1614 
6   165 1613 1615 166 646 645 
6   166 1614 1613 414 907 906 
6   166 906 911 402 1603 1602 
6   167 647 651 171 1631 1618 
6   167 1617 1631 417 913 912 
6   167 912 917 420 1621 1620 
6   167 1619 1621 168 648 647 
6   168 1620 1619 420 919 918 
6   168 918 923 423 1624 1623 
6   168 1622 1624 169 649 648 
6   169 1623 1622 423 925 924 
6   169 924 929 426 1627 1626 
6   169 1625 1627 170 650 649 
6   170 1626 1625 426 931 930 
6   170 930 935 429 1630 1629 
6   170 1628 1630 171 651 650 
6   171 1629 1628 429 937 936 
6   171 936 941 417 1618 1617 
6   172 652 656 176 1646 1633 
6   172 1632 1646 432 943 942 
6   172 942 947 435 1636 1635 
6   172 1634 1636 173 653 652 
6   173 1635 1634 435 949 948 
6   173 948 953 438 1639 1638 
6   173 1637 1639 174 654 653 
6   174 1638 1637 438 955 954 
6   174 954 959 441 1642 1641 
6   174 1640 1642 175 655 654 
6   175 1641 1640 441 961 960 
6   175 960 965 444 1645 1644 
6   175 1643 1645 176 656 655 
6   176 1644 1643 444 967 966 
6   176 966 971 432 1633 1632 
6   177 657 661 181 1661 1648 
6   177 1647 1661 447 973 972 
6   177 972 977 450 1651 1650 
6   177 1649 1651 178 658 657 
6   178 1650 1649 450 979 978 
6   178 978 983 453 1654 1653 
6   178 1652 1654 179 659 658 
6   179 1653 1652 453 985 984 
6   179 984 989 456 1657 1656 
6   179 1655 1657 180 660 659 
6   180 1656 1655 456 991 990 
6   180 990 995 459 1660 1659 
6   180 1658 1660 181 661 660 
6   181 1659 1658 459 997 996 
6   181 996 1001 447 1648 1647 
6   182 662 666 186 1676 1663 
6   182 1662 1676 462 1003 1002 
6   182 1002 1007 465 1666 1665 
6   182 1664 1666 183 663 662 
6   183 1665 1664 465 1009 1008 
6   183 1008 1013 468 1669 1668 
6   183 1667 1669 184 664 663 
6   184 1668 1667 468 1015 1014 
6   184 1014 1019 471 1672 1671 
6   184 1670 1672 185 665 664 
6   185 1671 1670 471 1021 1020 
6   185 1020 1025 474 1675 1674 
6   185 1673 1675 186 666 665 
6   186 1674 1673 474 1027 1026 
6   186 1026 1031 462 1663 1662 
6   187 667 671 191 1691 1678 
6   187 1677 1691 477 1033 1032 
6   187 1032 1037 480 1681 1680 
6   187 1679 1681 188 668 667 
6   188 1680 1679 480 1039 1038 
6   188 1038 1043 483 1684 1683 
6   188 1682 1684 189 669 668 
6   189 1683 1682 483 1045 1044 
6   189 1044 1049 486 1687 1686 
6   189 1685 1687 190 670 669 
6   190 1686 1685 486 1051 1050 
6   190 1050 1055 489 1690 1689 
6   190 1688 1690 191 671 670 
6   191 1689 1688 489 1057 1056 
6   191 1056 1061 477 1678 1677 
6   192 672 676 196 1706 1693 
6   192 1692 1706 492 1063 1062 
6   192 1062 1067 495 1696 1695 
6   192 1694 1696 193 673 672 
6   193 1695 1694 495 1069 1068 
6   193 1068 1073 498 1699 1698 
6   193 1697 1699 194 674 673 
6   194 1698 1697 498 1075 1074 
6   194 1074 1079 501 1702 1701 
6   194 1700 1702 195 675 674 
6   195 1701 1700 501 1081 1080 
6   195 1080 1085 504 1705 1704 
6   195 1703 1705 196 676 675 
6   196 1704 1703 504 1087 1086 
6   196 1086 1091 492 1693 1692 
6   197 677 681 201 1721 1708 
6   197 1707 1721 507 1093 1092 
6   197 1092 1097 510 1711 1710 
6   197 1709 1711 198 678 677 
6   198 1710 1709 510 1099 1098 
6   198 1098 1103 513 1714 1713 
6   198 1712 1714 199 679 678 
6   199 1713 1712 513 1105 1104 
6   199 1104 1109 516 1717 1716 
6   199 1715 1717 200 680 679 
6   200 1716 1715 516 1111 1110 
6   200 1110 1115 519 1720 1719 
6   200 1718 1720 201 681 680 
6   201 1719 1718 519 1117 1116 
6   201 1116 1121 507 1708 1707 
6   202 682 686 206 1736 1723 
6   202 1722 1736 522 1123 1122 
6   202 1122 1127 525 1726 1725 
6   202 1724 1726 203 683 682 
6   203 1725 1724 525 1129 1128 
6   203 1128 1133 528 1729 1728 
6   203 1727 1729 204 684 683 
6   204 1728 1727 528 1135 1134 
6   204 1134 1139 531 1732 1731 
6   204 1730 1732 205 685 684 
6   205 1731 1730 531 1141 1140 
6   205 1140 1145 534 1735 1734 
6   205 1733 1735 206 686 685 
6   206 1734 1733 534 1147 1146 
6   206 1146 1151 522 1723 1722 
6   207 687 691 211 1751 1738 
6   207 1737 1751 537 1153 1152 
6   207 1152 1157 540 1741 1740 
6   207 1739 1741 208 688 687 
6   208 1740 1739 540 1159 1158 
6   208 1158 1163 543 1744 1743 
6   208 1742 1744 209 689 688 
6   209 1743 1742 543 1165 1164 
6   209 1164 1169 546 1747 1746 
6   209 1745 1747 210 690 689 
6   210 1746 1745 546 1171 1170 
6   210 1170 1175 549 1750 1749 
6   210 1748 1750 211 691 690 
6   211 1749 1748 549 1177 1176 
6   211 1176 1181 537 1738 1737 
6   212 692 696 216 1766 1753 
6   212 1752 1766 552 1183 1182 
6   212 1182 1187 555 1756 1755 
6   212 1754 1756 213 693 692 
6   213 1755 1754 555 1189 1188 
6   213 1188 1193 558 1759 1758 
6   213 1757 1759 214 694 693 
6   214 1758 1757 558 1195 1194 
6   214 1194 1199 561 1762 1761 
6   214 1760 1762 215 695 694 
6   215 1761 1760 561 1201 1200 
6   215 1200 1205 564 1765 1764 
6   215 1763 1765 216 696 695 
6   216 1764 1763 564 1207 1206 
6   216 1206 1211 552 1753 1752 
6   217 697 701 221 1781 1768 
6   217 1767 1781 567 1213 1212 
6   217 1212 1217 570 1771 1770 
6   217 1769 1771 218 698 697 
6   218 1770 1769 570 1219 1218 
6   218 1218 1223 573 1774 1773 
6   218 1772 1774 219 699 698 
6   219 1773 1772 573 1225 1224 
6   219 1224 1229 576 1777 1776 
6   219 1775 1777 220 700 699 
6   220 1776 1775 576 1231 1230 
6   220 1230 1235 579 1780 1779 
6   220 1778 1780 221 701 700 
6   221 1779 1778 579 1237 1236 
6   221 1236 1241 567 1768 1767 
6   222 702 707 227 1799 1783 
6   222 1782 1799 404 886 885 
6   222 885 884 403 1786 1785 
6   222 1784 1786 223 703 702 
6   223 1785 1784 403 1243 1242 
6   223 1242 1247 583 1789 1788 
6   223 1787 1789 224 704 703 
6   224 1788 1787 583 1249 1248 
6   224 1248 1253 419 1792 1791 
6   224 1790 1792 225 705 704 
6   225 1791 1790 419 916 915 
6   225 915 914 418 1795 1794 
6   225 1793 1795 226 706 705 
6   226 1794 1793 418 1255 1254 
6   226 1254 1259 586 1798 1797 
6   226 1796 1798 227 707 706 
6   227 1797 1796 586 1261 1260 
6   227 1260 1265 404 1783 1782 
6   228 708 713 233 1817 1801 
6   228 1800 1817 407 892 891 
6   228 891 890 406 1804 1803 
6   228 1802 1804 229 709 708 
6   229 1803 1802 406 1264 1263 
6   229 1263 1262 587 1807 1806 
6   229 1805 1807 230 710 709 
6   230 1806 1805 587 1267 1266 
6   230 1266 1271 434 1810 1809 
6   230 1808 1810 231 711 710 
6   231 1809 1808 434 946 945 
6   231 945 944 433 1813 1812 
6   231 1811 1813 232 712 711 
6   232 1812 1811 433 1273 1272 
6   232 1272 1277 589 1816 1815 
6   232 1814 1816 233 713 712 
6   233 1815 1814 589 1279 1278 
6   233 1278 1283 407 1801 1800 
6   234 714 719 239 1835 1819 
6   234 1818 1835 410 898 897 
6   234 897 896 409 1822 1821 
6   234 1820 1822 235 715 714 
6   235 1821 1820 409 1282 1281 
6   235 1281 1280 590 1825 1824 
6   235 1823 1825 236 716 715 
6   236 1824 1823 590 1285 1284 
6   236 1284 1289 449 1828 1827 
6   236 1826 1828 237 717 716 
6   237 1827 1826 449 976 975 
6   237 975 974 448 1831 1830 
6   237 1829 1831 238 718 717 
6   238 1830 1829 448 1291 1290 
6   238 1290 1295 592 1834 1833 
6   238 1832 1834 239 719 718 
6   239 1833 1832 592 1297 1296 
6   239 1296 1301 410 1819 1818 
6   240 720 725 245 1853 1837 
6   240 1836 1853 413 904 903 
6   240 903 902 412 1840 1839 
6   240 1838 1840 241 721 720 
6   241 1839 1838 412 1300 1299 
6   241 1299 1298 593 1843 1842 
6   241 1841 1843 242 722 721 
6   242 1842 1841 593 1303 1302 
6   242 1302 1307 464 1846 1845 
6   242 1844 1846 243 723 722 
6   243 1845 1844 464 1006 1005 
6   243 1005 1004 463 1849 1848 
6   243 1847 1849 244 724 723 
6   244 1848 1847 463 1309 1308 
6   244 1308 1313 595 1852 1851 
6   244 1850 1852 245 725 724 
6   245 1851 1850 595 1315 1314 
6   245 1314 1319 413 1837 1836 
6   246 726 731 251 1871 1855 
6   246 1854 1871 416 910 909 
6   246 909 908 415 1858 1857 
6   246 1856 1858 247 727 726 
6   247 1857 1856 415 1318 1317 
6   247 1317 1316 596 1861 1860 
6   247 1859 1861 248 728 727 
6   248 1860 1859 596 1321 1320 
6   248 1320 1325 479 1864 1863 
6   248 1862 1864 249 729 728 
6   249 1863 1862 479 1036 1035 
6   249 1035 1034 478 1867 1866 
6   249 1865 1867 250 730 729 
6   250 1866 1865 478 1327 1326 
6   250 1326 1331 582 1870 1869 
6   250 1868 1870 251 731 730 
6   251 1869 1868 582 1246 1245 
6   251 1245 1244 416 1855 1854 
6   252 732 737 257 1889 1873 
6   252 1872 1889 422 922 921 
6   252 921 920 421 1876 1875 
6   252 1874 1876 253 733 732 
6   253 1875 1874 421 1252 1251 
6   253 1251 1250 584 1879 1878 
6   253 1877 1879 254 734 733 
6   254 1878 1877 584 1330 1329 
6   254 1329 1328 491 1882 1881 
6   254 1880 1882 255 735 734 
6   255 1881 1880 491 1060 1059 
6   255 1059 1058 490 1885 1884 
6   255 1883 1885 256 736 735 
6   256 1884 1883 490 1333 1332 
6   256 1332 1337 598 1888 1887 
6   256 1886 1888 257 737 736 
6   257 1887 1886 598 1339 1338 
6   257 1338 1343 422 1873 1872 
6   258 738 743 263 1907 1891 
6   258 1890 1907 425 928 927 
6   258 927 926 424 1894 1893 
6   258 1892 1894 259 739 738 
6   259 1893 1892 424 1342 1341 
6   259 1341 1340 599 1897 1896 
6   259 1895 1897 260 740 739 
6   260 1896 1895 599 1345 1344 
6   260 1344 1349 494 1900 1899 
6   260 1898 1900 261 741 740 
6   261 1899 1898 494 1066 1065 
6   261 1065 1064 493 1903 1902 
6   261 1901 1903 262 742 741 
6   262 1902 1901 493 1351 1350 
6   262 1350 1355 601 1906 1905 
6   262 1904 1906 263 743 742 
6   263 1905 1904 601 1357 1356 
6   263 1356 1361 425 1891 1890 
6   264 744 749 269 1925 1909 
6   264 1908 1925 428 934 933 
6   264 933 932 427 1912 1911 
6   264 1910 1912 265 745 744 
6   265 1911 1910 427 1360 1359 
6   265 1359 1358 602 1915 1914 
6   265 1913 1915 266 746 745 
6   266 1914 1913 602 1363 1362 
6   266 1362 1367 509 1918 1917 
6   266 1916 1918 267 747 746 
6   267 1917 1916 509 1096 1095 
6   267 1095 1094 508 1921 1920 
6   267 1919 1921 268 748 747 
6   268 1920 1919 508 1369 1368 
6   268 1368 1373 604 1924 1923 
6   268 1922 1924 269 749 748 
6   269 1923 1922 604 1375 1374 
6   269 1374 1379 428 1909 1908 
6   270 750 755 275 1943 1927 
6   270 1926 1943 431 940 939 
6   270 939 938 430 1930 1929 
6   270 1928 1930 271 751 750 
6   271 1929 1928 430 1378 1377 
6   271 1377 1376 605 1933 1932 
6   271 1931 1933 272 752 751 
6   272 1932 1931 605 1381 1380 
6   272 1380 1385 437 1936 1935 
6   272 1934 1936 273 753 752 
6   273 1935 1934 437 952 951 
6   273 951 950 436 1939 1938 
6   273 1937 1939 274 754 753 
6   274 1938 1937 436 1270 1269 
6   274 1269 1268 585 1942 1941 
6   274 1940 1942 275 755 754 
6   275 1941 1940 585 1258 1257 
6   275 1257 1256 431 1927 1926 
6   276 756 761 281 1961 1945 
6   276 1944 1961 440 958 957 
6   276 957 956 439 1948 1947 
6   276 1946 1948 277 757 756 
6   277 1947 1946 439 1384 1383 
6   277 1383 1382 603 1951 1950 
6   277 1949 1951 278 758 757 
6   278 1950 1949 603 1372 1371 
6   278 1371 1370 521 1954 1953 
6   278 1952 1954 279 759 758 
6   279 1953 1952 521 1120 1119 
6   279 1119 1118 520 1957 1956 
6   279 1955 1957 280 760 759 
6   280 1956 1955 520 1387 1386 
6   280 1386 1391 607 1960 1959 
6   280 1958 1960 281 761 760 
6   281 1959 1958 607 1393 1392 
6   281 1392 1397 440 1945 1944 
6   282 762 767 287 1979 1963 
6   282 1962 1979 443 964 963 
6   282 963 962 442 1966 1965 
6   282 1964 1966 283 763 762 
6   283 1965 1964 442 1396 1395 
6   283 1395 1394 608 1969 1968 
6   283 1967 1969 284 764 763 
6   284 1968 1967 608 1399 1398 
6   284 1398 1403 524 1972 1971 
6   284 1970 1972 285 765 764 
6   285 1971 1970 524 1126 1125 
6   285 1125 1124 523 1975 1974 
6   285 1973 1975 286 766 765 
6   286 1974 1973 523 1405 1404 
6   286 1404 1409 610 1978 1977 
6   286 1976 1978 287 767 766 
6   287 1977 1976 610 1411 1410 
6   287 1410 1415 443 1963 1962 
6   288 768 773 293 1997 1981 
6   288 1980 1997 446 970 969 
6   288 969 968 445 1984 1983 
6   288 1982 1984 289 769 768 
6   289 1983 1982 445 1414 1413 
6   289 1413 1412 611 1987 1986 
6   289 1985 1987 290 770 769 
6   290 1986 1985 611 1417 1416 
6   290 1416 1421 452 1990 1989 
6   290 1988 1990 291 771 770 
6   291 1989 1988 452 982 981 
6   291 981 980 451 1993 1992 
6   291 1991 1993 292 772 771 
6   292 1992 1991 451 1288 1287 
6   292 1287 1286 588 1996 1995 
6   292 1994 1996 293 773 772 
6   293 1995 1994 588 1276 1275 
6   293 1275 1274 446 1981 1980 
6   294 774 779 299 2015 1999 
6   294 1998 2015 455 988 987 
6   294 987 986 454 2002 2001 
6   294 2000 2002 295 775 774 
6   295 2001 2000 454 1420 1419 
6   295 1419 1418 609 2005 2004 
6   295 2003 2005 296 776 775 
6   296 2004 2003 609 1408 1407 
6   296 1407 1406 536 2008 2007 
6   296 2006 2008 297 777 776 
6   297 2007 2006 536 1150 1149 
6   297 1149 1148 535 2011 2010 
6   297 2009 2011 298 778 777 
6   298 2010 2009 535 1423 1422 
6   298 1422 1427 613 2014 2013 
6   298 2012 2014 299 779 778 
6   299 2013 2012 613 1429 1428 
6   299 1428 1433 455 1999 1998 
6   300 780 785 305 2033 2017 
6   300 2016 2033 458 994 993 
6   300 993 992 457 2020 2019 
6   300 2018 2020 301 781 780 
6   301 2019 2018 457 1432 1431 
6   301 1431 1430 614 2023 2022 
6   301 2021 2023 302 782 781 
6   302 2022 2021 614 1435 1434 
6   302 1434 1439 539 2026 2025 
6   302 2024 2026 303 783 782 
6   303 2025 2024 539 1156 1155 
6   303 1155 1154 538 2029 2028 
6   303 2027 2029 304 784 783 
6   304 2028 2027 538 1441 1440 
6   304 1440 1445 616 2032 2031 
6   304 2030 2032 305 785 784 
6   305 2031 2030 616 1447 1446 
6   305 1446 1451 458 2017 2016 
6   306 786 791 311 2051 2035 
6   306 2034 2051 461 1000 999 
6   306 999 998 460 2038 2037 
6   306 2036 2038 307 787 786 
6   307 2037 2036 460 1450 1449 
6   307 1449 1448 617 2041 2040 
6   307 2039 2041 308 788 787 
6   308 2040 2039 617 1453 1452 
6   308 1452 1457 467 2044 2043 
6   308 2042 2044 309 789 788 
6   309 2043 2042 467 1012 1011 
6   309 1011 1010 466 2047 2046 
6   309 2045 2047 310 790 789 
6   310 2046 2045 466 1306 1305 
6   310 1305 1304 591 2050 2049 
6   310 2048 2050 311 791 790 
6   311 2049 2048 591 1294 1293 
6   311 1293 1292 461 2035 2034 
6   312 792 797 317 2069 2053 
6   312 2052 2069 470 1018 1017 
6   312 1017 1016 469 2056 2055 
6   312 2054 2056 313 793 792 
6   313 2055 2054 469 1456 1455 
6   313 1455 1454 615 2059 2058 
6   313 2057 2059 314 794 793 
6   314 2058 2057 615 1444 1443 
6   314 1443 1442 551 2062 2061 
6   314 2060 2062 315 795 794 
6   315 2061 2060 551 1180 1179 
6   315 1179 1178 550 2065 2064 
6   315 2063 2065 316 796 795 
6   316 2064 2063 550 1459 1458 
6   316 1458 1463 619 2068 2067 
6   316 2066 2068 317 797 796 
6   317 2067 2066 619 1465 1464 
6   317 1464 1469 470 2053 2052 
6   318 798 803 323 2087 2071 
6   318 2070 2087 473 1024 1023 
6   318 1023 1022 472 2074 2073 
6   318 2072 2074 319 799 798 
6   319 2073 2072 472 1468 1467 
6   319 1467 1466 620 2077 2076 
6   319 2075 2077 320 800 799 
6   320 2076 2075 620 1471 1470 
6   320 1470 1475 554 2080 2079 
6   320 2078 2080 321 801 800 
6   321 2079 2078 554 1186 1185 
6   321 1185 1184 553 2083 2082 
6   321 2081 2083 322 802 801 
6   322 2082 2081 553 1477 1476 
6   322 1476 1481 622 2086 2085 
6   322 2084 2086 323 803 802 
6   323 2085 2084 622 1483 1482 
6   323 1482 1487 473 2071 2070 
6   324 804 809 329 2105 2089 
6   324 2088 2105 476 1030 1029 
6   324 1029 1028 475 2092 2091 
6   324 2090 2092 325 805 804 
6   325 2091 2090 475 1486 1485 
6   325 1485 1484 623 2095 2094 
6   325 2093 2095 326 806 805 
6   326 2094 2093 623 1489 1488 
6   326 1488 1493 482 2098 2097 
6   326 2096 2098 327 807 806 
6   327 2097 2096 482 1042 1041 
6   327 1041 1040 481 2101 2100 
6   327 2099 2101 328 808 807 
6   328 2100 2099 481 1324 1323 
6   328 1323 1322 594 2104 2103 
6   328 2102 2104 329 809 808 
6   329 2103 2102 594 1312 1311 
6   329 1311 1310 476 2089 2088 
6   330 810 815 335 2123 2107 
6   330 2106 2123 485 1048 1047 
6   330 1047 1046 484 2110 2109 
6   330 2108 2110 331 811 810 
6   331 2109 2108 484 1492 1491 
6   331 1491 1490 621 2113 2112 
6   331 2111 2113 332 812 811 
6   332 2112 2111 621 1480 1479 
6   332 1479 1478 566 2116 2115 
6   332 2114 2116 333 813 812 
6   333 2115 2114 566 1210 1209 
6   333 1209 1208 565 2119 2118 
6   333 2117 2119 334 814 813 
6   334 2118 2117 565 1495 1494 
6   334 1494 1499 625 2122 2121 
6   334 2120 2122 335 815 814 
6   335 2121 2120 625 1501 1500 
6   335 1500 1505 485 2107 2106 
6   336 816 821 341 2141 2125 
6   336 2124 2141 488 1054 1053 
6   336 1053 1052 487 2128 2127 
6   336 2126 2128 337 817 816 
6   337 2127 2126 487 1504 1503 
6   337 1503 1502 626 2131 2130 
6   337 2129 2131 338 818 817 
6   338 2130 2129 626 1507 1506 
6   338 1506 1511 497 2134 2133 
6   338 2132 2134 339 819 818 
6   339 2133 2132 497 1072 1071 
6   339 1071 1070 496 2137 2136 
6   339 2135 2137 340 820 819 
6   340 2136 2135 496 1348 1347 
6   340 1347 1346 597 2140 2139 
6   340 2138 2140 341 821 820 
6   341 2139 2138 597 1336 1335 
6   341 1335 1334 488 2125 2124 
6   342 822 827 347 2159 2143 
6   342 2142 2159 500 1078 1077 
6   342 1077 1076 499 2146 2145 
6   342 2144 2146 343 823 822 
6   343 2145 2144 499 1510 1509 
6   343 1509 1508 624 2149 2148 
6   343 2147 2149 344 824 823 
6   344 2148 2147 624 1498 1497 
6   344 1497 1496 563 2152 2151 
6   344 2150 2152 345 825 824 
6   345 2151 2150 563 1204 1203 
6   345 1203 1202 562 2155 2154 
6   345 2153 2155 346 826 825 
6   346 2154 2153 562 1513 1512 
6   346 1512 1517 628 2158 2157 
6   346 2156 2158 347 827 826 
6   347 2157 2156 628 1519 1518 
6   347 1518 1523 500 2143 2142 
6   348 828 833 353 2177 2161 
6   348 2160 2177 503 1084 1083 
6   348 1083 1082 502 2164 2163 
6   348 2162 2164 349 829 828 
6   349 2163 2162 502 1522 1521 
6   349 1521 1520 629 2167 2166 
6   349 2165 2167 350 830 829 
6   350 2166 2165 629 1525 1524 
6   350 1524 1529 569 2170 2169 
6   350 2168 2170 351 831 830 
6   351 2169 2168 569 1216 1215 
6   351 1215 1214 568 2173 2172 
6   351 2171 2173 352 832 831 
6   352 2172 2171 568 1531 1530 
6   352 1530 1535 631 2176 2175 
6   352 2174 2176 353 833 832 
6   353 2175 2174 631 1537 1536 
6   353 1536 1541 503 2161 2160 
6   354 834 839 359 2195 2179 
6   354 2178 2195 506 1090 1089 
6   354 1089 1088 505 2182 2181 
6   354 2180 2182 355 835 834 
6   355 2181 2180 505 1540 1539 
6   355 1539 1538 632 2185 2184 
6   355 2183 2185 356 836 835 
6   356 2184 2183 632 1543 1542 
6   356 1542 1547 512 2188 2187 
6   356 2186 2188 357 837 836 
6   357 2187 2186 512 1102 1101 
6   357 1101 1100 511 2191 2190 
6   357 2189 2191 358 838 837 
6   358 2190 2189 511 1366 1365 
6   358 1365 1364 600 2194 2193 
6   358 2192 2194 359 839 838 
6   359 2193 2192 600 1354 1353 
6   359 1353 1352 506 2179 2178 
6   360 840 845 365 2213 2197 
6   360 2196 2213 515 1108 1107 
6   360 1107 1106 514 2200 2199 
6   360 2198 2200 361 841 840 
6   361 2199 2198 514 1546 1545 
6   361 1545 1544 630 2203 2202 
6   361 2201 2203 362 842 841 
6   362 2202 2201 630 1534 1533 
6   362 1533 1532 581 2206 2205 
6   362 2204 2206 363 843 842 
6   363 2205 2204 581 1240 1239 
6   363 1239 1238 580 2209 2208 
6   363 2207 2209 364 844 843 
6   364 2208 2207 580 1549 1548 
6   364 1548 1553 634 2212 2211 
6   364 2210 2212 365 845 844 
6   365 2211 2210 634 1555 1554 
6   365 1554 1559 515 2197 2196 
6   366 846 851 371 2231 2215 
6   366 2214 2231 518 1114 1113 
6   366 1113 1112 517 2218 2217 
6   366 2216 2218 367 847 846 
6   367 2217 2216 517 1558 1557 
6   367 1557 1556 635 2221 2220 
6   367 2219 2221 368 848 847 
6   368 2220 2219 635 1561 1560 
6   368 1560 1565 527 2224 2223 
6   368 2222 2224 369 849 848 
6   369 2223 2222 527 1132 1131 
6   369 1131 1130 526 2227 2226 
6   369 2225 2227 370 850 849 
6   370 2226 2225 526 1402 1401 
6   370 1401 1400 606 2230 2229 
6   370 2228 2230 371 851 850 
6   371 2229 2228 606 1390 1389 
6   371 1389 1388 518 2215 2214 
6   372 852 857 377 2249 2233 
6   372 2232 2249 530 1138 1137 
6   372 1137 1136 529 2236 2235 
6   372 2234 2236 373 853 852 
6   373 2235 2234 529 1564 1563 
6   373 1563 1562 633 2239 2238 
6   373 2237 2239 374 854 853 
6   374 2238 2237 633 1552 1551 
6   374 1551 1550 578 2242 2241 
6   374 2240 2242 375 855 854 
6   375 2241 2240 578 1234 1233 
6   375 1233 1232 577 2245 2244 
6   375 2243 2245 376 856 855 
6   376 2244 2243 577 1567 1566 
6   376 1566 1571 637 2248 2247 
6   376 2246 2248 377 857 856 
6   377 2247 2246 637 1573 1572 
6   377 1572 1577 530 2233 2232 
6   378 858 863 383 2267 2251 
6   378 2250 2267 533 1144 1143 
6   378 1143 1142 532 2254 2253 
6   378 2252 2254 379 859 858 
6   379 2253 2252 532 1576 1575 
6   379 1575 1574 638 2257 2256 
6   379 2255 2257 380 860 859 
6   380 2256 2255 638 1579 1578 
6   380 1578 1583 542 2260 2259 
6   380 2258 2260 381 861 860 
6   381 2259 2258 542 1162 1161 
6   381 1161 1160 541 2263 2262 
6   381 2261 2263 382 862 861 
6   382 2262 2261 541 1438 1437 
6   382 1437 1436 612 2266 2265 
6   382 2264 2266 383 863 862 
6   383 2265 2264 612 1426 1425 
6   383 1425 1424 533 2251 2250 
6   384 864 869 389 2285 2269 
6   384 2268 2285 545 1168 1167 
6   384 1167 1166 544 2272 2271 
6   384 2270 2272 385 865 864 
6   385 2271 2270 544 1582 1581 
6   385 1581 1580 636 2275 2274 
6   385 2273 2275 386 866 865 
6   386 2274 2273 636 1570 1569 
6   386 1569 1568 575 2278 2277 
6   386 2276 2278 387 867 866 
6   387 2277 2276 575 1228 1227 
6   387 1227 1226 574 2281 2280 
6   387 2279 2281 388 868 867 
6   388 2280 2279 574 1585 1584 
6   388 1584 1589 640 2284 2283 
6   388 2282 2284 389 869 868 
6   389 2283 2282 640 1591 1590 
6   389 1590 1595 545 2269 2268 
6   390 870 875 395 2303 2287 
6   390 2286 2303 548 1174 1173 
6   390 1173 1172 547 2290 2289 
6   390 2288 2290 391 871 870 
6   391 2289 2288 547 1594 1593 
6   391 1593 1592 641 2293 2292 
6   391 2291 2293 392 872 871 
6   392 2292 2291 641 1597 1596 
6   392 1596 1601 557 2296 2295 
6   392 2294 2296 393 873 872 
6   393 2295 2294 557 1192 1191 
6   393 1191 1190 556 2299 2298 
6   393 2297 2299 394 874 873 
6   394 2298 2297 556 1474 1473 
6   394 1473 1472 618 2302 2301 
6   394 2300 2302 395 875 874 
6   395 2301 2300 618 1462 1461 
6   395 1461 1460 548 2287 2286 
6   396 876 881 401 2321 2305 
6   396 2304 2321 560 1198 1197 
6   396 1197 1196 559 2308 2307 
6   396 2306 2308 397 877 876 
6   397 2307 2306 559 1600 1599 
6   397 1599 1598 639 2311 2310 
6   397 2309 2311 398 878 877 
6   398 2310 2309 639 1588 1587 
6   398 1587 1586 572 2314 2313 
6   398 2312 2314 399 879 878 
6   399 2313 2312 572 1222 1221 
6   399 1221 1220 571 2317 2316 
6   399 2315 2317 400 880 879 
6   400 2316 2315 571 1528 1527 
6   400 1527 1526 627 2320 2319 
6   400 2318 2320 401 881 880 
6   401 2319 2318 627 1516 1515 
6   401 1515 1514 560 2305 2304 
6   402 911 910 416 2324 2323 
6   402 2322 2324 403 884 883 
6   403 2323 2322 416 1244 1243 
6   404 1265 1264 406 2327 2326 
6   404 2325 2327 405 887 886 
6   405 2326 2325 406 890 889 
6   407 1283 1282 409 2330 2329 
6   407 2328 2330 408 893 892 
6   408 2329 2328 409 896 895 
6   410 1301 1300 412 2333 2332 
6   410 2331 2333 411 899 898 
6   411 2332 2331 412 902 901 
6   413 1319 1318 415 2336 2335 
6   413 2334 2336 414 905 904 
6   414 2335 2334 415 908 907 
6   417 941 940 431 2339 2338 
6   417 2337 2339 418 914 913 
6   418 2338 2337 431 1256 1255 
6   419 1253 1252 421 2342 2341 
6   419 2340 2342 420 917 916 
6   420 2341 2340 421 920 919 
6   422 1343 1342 424 2345 2344 
6   422 2343 2345 423 923 922 
6   423 2344 2343 424 926 925 
6   425 1361 1360 427 2348 2347 
6   425 2346 2348 426 929 928 
6   426 2347 2346 427 932 931 
6   428 1379 1378 430 2351 2350 
6   428 2349 2351 429 935 934 
6   429 2350 2349 430 938 937 
6   432 971 970 446 2354 2353 
6   432 2352 2354 433 944 943 
6   433 2353 2352 446 1274 1273 
6   434 1271 1270 436 2357 2356 
6   434 2355 2357 435 947 946 
6   435 2356 2355 436 950 949 
6   437 1385 1384 439 2360 2359 
6   437 2358 2360 438 953 952 
6   438 2359 2358 439 956 955 
6   440 1397 1396 442 2363 2362 
6   440 2361 2363 441 959 958 
6   441 2362 2361 442 962 961 
6   443 1415 1414 445 2366 2365 
6   443 2364 2366 444 965 964 
6   444 2365 2364 445 968 967 
6   447 1001 1000 461 2369 2368 
6   447 2367 2369 448 974 973 
6   448 2368 2367 461 1292 1291 
6   449 1289 1288 451 2372 2371 
6   449 2370 2372 450 977 976 
6   450 2371 2370 451 980 979 
6   452 1421 1420 454 2375 2374 
6   452 2373 2375 453 983 982 
6   453 2374 2373 454 986 985 
6   455 1433 1432 457 2378 2377 
6   455 2376 2378 456 989 988 
6   456 2377 2376 457 992 991 
6   458 1451 1450 460 2381 2380 
6   458 2379 2381 459 995 994 
6   459 2380 2379 460 998 997 
6   462 1031 1030 476 2384 2383 
6   462 2382 2384 463 1004 1003 
6   463 2383 2382 476 1310 1309 
6   464 1307 1306 466 2387 2386 
6   464 2385 2387 465 1007 1006 
6   465 2386 2385 466 1010 1009 
6   467 1457 1456 469 2390 2389 
6   467 2388 2390 468 1013 1012 
6   468 2389 2388 469 1016 1015 
6   470 1469 1468 472 2393 2392 
6   470 2391 2393 471 1019 1018 
6   471 2392 2391 472 1022 1021 
6   473 1487 1486 475 2396 2395 
6   473 2394 2396 474 1025 1024 
6   474 2395 2394 475 1028 1027 
6   477 1061 1060 491 2399 2398 
6   477 2397 2399 478 1034 1033 
6   478 2398 2397 491 1328 1327 
6   479 1325 1324 481 2402 2401 
6   479 2400 2402 480 1037 1036 
6   480 2401 2400 481 1040 1039 
6   482 1493 1492 484 2405 2404 
6   482 2403 2405 483 1043 1042 
6   483 2404 2403 484 1046 1045 
6   485 1505 1504 487 2408 2407 
6   485 2406 2408 486 1049 1048 
6   486 2407 2406 487 1052 1051 
6   488 1334 1333 490 2411 2410 
6   488 2409 2411 489 1055 1054 
6   489 2410 2409 490 1058 1057 
6   492 1091 1090 506 2414 2413 
6   492 2412 2414 493 1064 1063 
6   493 2413 2412 506 1352 1351 
6   494 1349 1348 496 2417 2416 
6   494 2415 2417 495 1067 1066 
6   495 2416 2415 496 1070 1069 
6   497 1511 1510 499 2420 2419 
6   497 2418 2420 498 1073 1072 
6   498 2419 2418 499 1076 1075 
6   500 1523 1522 502 2423 2422 
6   500 2421 2423 501 1079 1078 
6   501 2422 2421 502 1082 1081 
6   503 1541 1540 505 2426 2425 
6   503 2424 2426 504 1085 1084 
6   504 2425 2424 505 1088 1087 
6   507 1121 1120 521 2429 2428 
6   507 2427 2429 508 1094 1093 
6   508 2428 2427 521 1370 1369 
6   509 1367 1366 511 2432 2431 
6   509 2430 2432 510 1097 1096 
6   510 2431 2430 511 1100 1099 
6   512 1547 1546 514 2435 2434 
6   512 2433 2435 513 1103 1102 
6   513 2434 2433 514 1106 1105 
6   515 1559 1558 517 2438 2437 
6   515 2436 2438 516 1109 1108 
6   516 2437 2436 517 1112 1111 
6   518 1388 1387 520 2441 2440 
6   518 2439 2441 519 1115 1114 
6   519 2440 2439 520 1118 1117 
6   522 1151 1150 536 2444 2443 
6   522 2442 2444 523 1124 1123 
6   523 2443 2442 536 1406 1405 
6   524 1403 1402 526 2447 2446 
6   524 2445 2447 525 1127 1126 
6   525 2446 2445 526 1130 1129 
6   527 1565 1564 529 2450 2449 
6   527 2448 2450 528 1133 1132 
6   528 2449 2448 529 1136 1135 
6   530 1577 1576 532 2453 2452 
6   530 2451 2453 531 1139 1138 
6   531 2452 2451 532 1142 1141 
6   533 1424 1423 535 2456 2455 
6   533 2454 2456 534 1145 1144 
6   534 2455 2454 535 1148 1147 
6   537 1181 1180 551 2459 2458 
6   537 2457 2459 538 1154 1153 
6   538 2458 2457 551 1442 1441 
6   539 1439 1438 541 2462 2461 
6   539 2460 2462 540 1157 1156 
6   540 2461 2460 541 1160 1159 
6   542 1583 1582 544 2465 2464 
6   542 2463 2465 543 1163 1162 
6   543 2464 2463 544 1166 1165 
6   545 1595 1594 547 2468 2467 
6   545 2466 2468 546 1169 1168 
6   546 2467 2466 547 1172 1171 
6   548 1460 1459 550 2471 2470 
6   548 2469 2471 549 1175 1174 
6   549 2470 2469 550 1178 1177 
6   552 1211 1210 566 2474 2473 
6   552 2472 2474 553 1184 1183 
6   553 2473 2472 566 1478 1477 
6   554 1475 1474 556 2477 2476 
6   554 2475 2477 555 1187 1186 
6   555 2476 2475 556 1190 1189 
6   557 1601 1600 559 2480 2479 
6   557 2478 2480 558 1193 1192 
6   558 2479 2478 559 1196 1195 
6   560 1514 1513 562 2483 2482 
6   560 2481 2483 561 1199 1198 
6   561 2482 2481 562 1202 1201 
6   563 1496 1495 565 2486 2485 
6   563 2484 2486 564 1205 1204 
6   564 2485 2484 565 1208 1207 
6   567 1241 1240 581 2489 2488 
6   567 2487 2489 568 1214 1213 
6   568 2488 2487 581 1532 1531 
6   569 1529 1528 571 2492 2491 
6   569 2490 2492 570 1217 1216 
6   570 2491 2490 571 1220 1219 
6   572 1586 1585 574 2495 2494 
6   572 2493 2495 573 1223 1222 
6   573 2494 2493 574 1226 1225 
6   575 1568 1567 577 2498 2497 
6   575 2496 2498 576 1229 1228 
6   576 2497 2496 577 1232 1231 
6   578 1550 1549 580 2501 2500 
6   578 2499 2501 579 1235 1234 
6   579 2500 2499 580 1238 1237 
6   582 1331 1330 584 2504 2503 
6   582 2502 2504 583 1247 1246 
6   583 2503 2502 584 1250 1249 
6   585 1268 1267 587 2507 2506 
6   585 2505 2507 586 1259 1258 
6   586 2506 2505 587 1262 1261 
6   588 1286 1285 590 2510 2509 
6   588 2508 2510 589 1277 1276 
6   589 2509 2508 590 1280 1279 
6   591 1304 1303 593 2513 2512 
6   591 2511 2513 592 1295 1294 
6   592 2512 2511 593 1298 1297 
6   594 1322 1321 596 2516 2515 
6   594 2514 2516 595 1313 1312 
6   595 2515 2514 596 1316 1315 
6   597 1346 1345 599 2519 2518 
6   597 2517 2519 598 1337 1336 
6   598 2518 2517 599 1340 1339 
6   600 1364 1363 602 2522 2521 
6   600 2520 2522 601 1355 1354 
6   601 2521 2520 602 1358 1357 
6   603 1382 1381 605 2525 2524 
6   603 2523 2525 604 1373 1372 
6   604 2524 2523 605 1376 1375 
6   606 1400 1399 608 2528 2527 
6   606 2526 2528 607 1391 1390 
6   607 2527 2526 608 1394 1393 
6   609 1418 1417 611 2531 2530 
6   609 2529 2531 610 1409 1408 
6   610 2530 2529 611 1412 1411 
6   612 1436 1435 614 2534 2533 
6   612 2532 2534 613 1427 1426 
6   613 2533 2532 614 1430 1429 
6   615 1454 1453 617 2537 2536 
6   615 2535 2537 616 1445 1444 
6   616 2536 2535 617 1448 1447 
6   618 1472 1471 620 2540 2539 
6   618 2538 2540 619 1463 1462 
6   619 2539 2538 620 1466 1465 
6   621 1490 1489 623 2543 2542 
6   621 2541 2543 622 1481 1480 
6   622 2542 2541 623 1484 1483 
6   624 1508 1507 626 2546 2545 
6   624 2544 2546 625 1499 1498 
6   625 2545 2544 626 1502 1501 
6   627 1526 1525 629 2549 2548 
6   627 2547 2549 628 1517 1516 
6   628 2548 2547 629 1520 1519 
6   630 1544 1543 632 2552 2551 
6   630 2550 2552 631 1535 1534 
6   631 2551 2550 632 1538 1537 
6   633 1562 1561 635 2555 2554 
6   633 2553 2555 634 1553 1552 
6   634 2554 2553 635 1556 1555 
6   636 1580 1579 638 2558 2557 
6   636 2556 2558 637 1571 1570 
6   637 2557 2556 638 1574 1573 
6   639 1598 1597 641 2561 2560 
6   639 2559 2561 640 1589 1588 
6   640 2560 2559 641 1592 1591 
-1
0.1
0.1
0.1
0.1
0.1
0.1
0.1
0.1
0.1
0.1
0.1
0.1
0.1
0.1
0.1
0.1
0.1
0.1
0.1
0.1
0.1
0.1
0.1
0.1
0.1
0.1
0.1
0.1
0.1
0.1
0.1
0.1
0.1
0.1
0.1
0.1
0.1
0.1
0.1
0.1
0.1
0.1
0.1
0.1
0.1
0.1
0.1
0.1
0.1
0.1
0.1
0.1
0.1
0.1
0.1
0.1
0.1
0.1
0.1
0.1
0.1
0.1
0.1
0.1
0.1
0.1
0.1
0.1
0.1
0.1
0.1
0.1
0.1
0.1
0.1
0.1
0.1
0.1
0.1
0.1
0.1
0.1
0.1
0.1
0.1
0.1
0.1
0.1
0.1
0.1
0.1
0.1
0.1
0.1
0.1
0.1
0.1
0.1
0.1
0.1
0.1
0.1
0.1
0.1
0.1
0.1
0.1
0.1
0.1
0.1
0.1
0.1
0.1
0.1
0.1
0.1
0.1
0.1
0.1
0.1
0.1
0.1
0.1
0.1
0.1
0.1
0.1
0.1
0.1
0.1
0.1
0.1
0.1
0.1
0.1
0.1
0.1
0.1
0.1
0.1
0.1
0.1
0.1
0.1
0.1
0.1
0.1
0.1
0.1
0.1
0.1
0.1
0.1
0.1
0.1
0.1
0.1
0.1
0.1
0.1
0.1
0.1
0.1
0.1
0.1
0.1
0.1
0.1
0.1
0.1
0.1
0.1
0.1
0.1
0.1
0.1
0.1
0.1
0.1
0.1
0.1
0.1
0.1
0.1
0.1
0.1
0.1
0.1
0.1
0.1
0.1
0.1
0.1
0.1
0.1
0.1
0.1
0.1
0.1
0.1
0.1
0.1
0.1
0.1
0.1
0.1
0.1
0.1
0.1
0.1
0.1
0.1
0.1
0.1
0.1
0.1
0.1
0.1
0.1
0.1
0.1
0.1
0.1
0.1
0.1
0.1
0.1
0.1
0.1
0.1
0.1
0.1
0.1
0.1
0.1
0.1
0.1
0.1
0.1
0.1
0.1
0.1
0.1
0.1
0.1
0.1
0.1
0.1
0.1
0.1
0.1
0.1
0.1
0.1
0.1
0.1
0.1
0.1
0.1
0.1
0.1
0.1
0.1
0.1
0.1
0.1
0.1
0.1
0.1
0.1
0.1
0.1
0.1
0.1
0.1
0.1
0.1
0.1
0.1
0.1
0.1
0.1
0.1
0.1
0.1
0.1
0.1
0.1
0.1
0.1
0.1
0.1
0.1
0.1
0.1
0.1
0.1
0.1
0.1
0.1
0.1
0.1
0.1
0.1
0.1
0.1
0.1
0.1
0.1
0.1
0.1
0.1
0.1
0.1
0.1
0.1
0.1
0.1
0.1
0.1
0.1
0.1
0.1
0.1
0.1
0.1
0.1
0.1
0.1
0.1
0.1
0.1
0.1
0.1
0.1
0.1
0.1
0.1
0.1
0.1
0.1
0.1
0.1
0.1
0.1
0.1
0.1
0.1
0.1
0.1
0.1
0.1
0.1
0.1
0.1
0.1
0.1
0.1
0.1
0.1
0.1
0.1
0.1
0.1
0.1
0.1
0.1
0.1
0.1
0.1
0.1
0.1
0.1
0.1
0.1
0.1
0.1
0.1
0.1
0.1
0.1
0.1
0.1
0.1
0.1
0.1
0.1
0.1
0.1
0.1
0.1
0.1
0.1
0.1
0.1
0.1
0.1
0.1
0.1
0.1
0.1
0.1
0.1
0.1
0.1
0.1
0.1
0.1
0.1
0.1
0.1
0.1
0.1
0.1
0.1
0.1
0.1
0.1
0.1
0.1
0.1
0.1
0.1
0.1
0.1
0.1
0.1
0.1
0.1
0.1
0.1
0.1
0.1
0.1
0.1
0.1
0.1
0.1
0.1
0.1
0.1
0.1
0.1
0.1
0.1
0.1
0.1
0.1
0.1
0.1
0.1
0.1
0.1
0.1
0.1
0.1
0.1
0.1
0.1
0.1
0.1
0.1
0.1
0.1
0.1
0.1
0.1
0.1
0.1
0.1
0.1
0.1
0.1
0.1
0.1
0.1
0.1
0.1
0.1
0.1
0.1
0.1
0.1
0.1
0.1
0.1
0.1
0.1
0.1
0.1
0.1
0.1
0.1
0.1
0.1
0.1
0.1
0.1
0.1
0.1
0.1
0.1
0.1
0.1
0.1
0.1
0.1
0.1
0.1
0.1
0.1
0.1
0.1
0.1
0.1
0.1
0.1
0.1
0.1
0.1
0.1
0.1
0.1
0.1
0.1
0.1
0.1
0.1
0.1
0.1
0.1
0.1
0.1
0.1
0.1
0.1
0.1
0.1
0.1
0.1
0.1
0.1
0.1
0.1
0.1
0.1
0.1
0.1
0.1
0.1
0.1
0.1
0.1
0.1
0.1
0.1
0.1
0.1
0.1
0.1
0.1
0.1
0.1
0.1
0.1
0.1
0.1
0.1
0.1
0.1
0.1
0.1
0.1
0.1
0.1
0.1
0.1
0.1
0.1
0.1
0.1
0.1
0.1
0.1
0.1
0.1
0.1
0.1
0.1
0.1
0.1
0.1
0.1
0.1
0.1
0.1
0.1
0.1
0.1
0.1
0.1
0.1
0.1
0.1
0.1
0.1
0.1
0.1
0.1
0.1
0.1
0.1
0.1
0.1
0.1
0.1
0.1
0.1
0.1
0.1
0.1
0.1
0.1
0.1
0.1
0.1
0.1
0.1
0.1
0.1
0.1
0.1
0.1
0.1
0.1
0.1
0.1
0.1
0.1
0.1
0.1
0.1
0.1
0.1
0.1
0.1
0.1
0.1
0.1
0.1
0.1
0.1
0.1
0.1
0.1
0.1
0.1
0.1
0.1
0.1
0.1
0.1
0.1
0.1
0.1
0.1
0.1
0.1
0.1
0.1
0.1
0.1
0.1
0.1
0.1
0.1
0.1
0.1
0.1
0.1
0.1
0.1
0.1
0.1
0.1
0.1
0.1
0.1
0.1
0.1
0.1
0.1
0.1
0.1
0.1
0.1
0.1
0.1
0.1
0.1
0.1
0.1
0.1
0.1
0.1
0.1
0.1
0.1
0.1
0.1
0.1
0.1
0.1
0.1
0.1
0.1
0.1
0.1
0.1
0.1
0.1
0.1
0.1
0.1
0.1
0.1
0.1
0.1
0.1
0.1
0.1
0.1
0.1
0.1
0.1
0.1
0.1
0.1
0.1
0.1
0.1
0.1
0.1
0.1
0.1
0.1
0.1
0.1
0.1
0.1
0.1
0.1
0.1
0.1
0.1
0.1
0.1
0.1
0.1
0.1
0.1
0.1
0.1
0.1
0.1
0.1
0.1
0.1
0.1
0.1
0.1
0.1
0.1
0.1
0.1
0.1
0.1
0.1
0.1
0.1
0.1
0.1
0.1
0.1
0.1
0.1
0.1
0.1
0.1
0.1
0.1
0.1
0.1
0.1
0.1
0.1
0.1
0.1
0.1
0.1
0.1
0.1
0.1
0.1
0.1
0.1
0.1
0.1
0.1
0.1
0.1
0.1
0.1
0.1
0.1
0.1
0.1
0.1
0.1
0.1
0.1
0.1
0.1
0.1
0.1
0.1
0.1
0.1
0.1
0.1
0.1
0.1
0.1
0.1
0.1
0.1
0.1
0.1
0.1
0.1
0.1
0.1
0.1
0.1
0.1
0.1
0.1
0.1
0.1
0.1
0.1
0.1
0.1
0.1
0.1
0.1
0.1
0.1
0.1
0.1
0.1
0.1
0.1
0.1
0.1
0.1
0.1
0.1
0.1
0.1
0.1
0.1
0.1
0.1
0.1
0.1
0.1
0.1
0.1
0.1
0.1
0.1
0.1
0.1
0.1
0.1
0.1
0.1
0.1
0.1
0.1
0.1
0.1
0.1
0.1
0.1
0.1
0.1
0.1
0.1
0.1
0.1
0.1
0.1
0.1
0.1
0.1
0.1
0.1
0.1
0.1
0.1
0.1
0.1
0.1
0.1
0.1
0.1
0.1
0.1
0.1
0.1
0.1
0.1
0.1
0.1
0.1
0.1
0.1
0.1
0.1
0.1
0.1
0.1
0.1
0.1
0.1
0.1
0.1
0.1
0.1
0.1
0.1
0.1
0.1
0.1
0.1
0.1
0.1
0.1
0.1
0.1
0.1
0.1
0.1
0.1
0.1
0.1
0.1
0.1
0.1
0.1
0.1
0.1
0.1
0.1
0.1
0.1
0.1
0.1
0.1
0.1
0.1
0.1
0.1
0.1
0.1
0.1
0.1
0.1
0.1
0.1
0.1
0.1
0.1
0.1
0.1
0.1
0.1
0.1
0.1
0.1
0.1
0.1
0.1
0.1
0.1
0.1
0.1
0.1
0.1
0.1
0.1
0.1
0.1
0.1
0.1
0.1
0.1
0.1
0.1
0.1
0.1
0.1
0.1
0.1
0.1
0.1
0.1
0.1
0.1
0.1
0.1
0.1
0.1
0.1
0.1
0.1
0.1
0.1
0.1
0.1
0.1
0.1
0.1
0.1
0.1
0.1
0.1
0.1
0.1
0.1
0.1
0.1
0.1
0.1
0.1
0.1
0.1
0.1
0.1
0.1
0.1
0.1
0.1
0.1
0.1
0.1
0.1
0.1
0.1
0.1
0.1
0.1
0.1
0.1
0.1
0.1
0.1
0.1
0.1
0.1
0.1
0.1
0.1
0.1
0.1
0.1
0.1
0.1
0.1
0.1
0.1
0.1
0.1
0.1
0.1
0.1
0.1
0.1
0.1
0.1
0.1
0.1
0.1
0.1
0.1
0.1
0.1
0.1
0.1
0.1
0.1
0.1
0.1
0.1
0.1
0.1
0.1
0.1
0.1
0.1
0.1
0.1
0.1
0.1
0.1
0.1
0.1
0.1
0.1
0.1
0.1
0.1
0.1
0.1
0.1
0.1
0.1
0.1
0.1
0.1
0.1
0.1
0.1
0.1
0.1
0.1
0.1
0.1
0.1
0.1
0.1
0.1
0.1
0.1
0.1
0.1
0.1
0.1
0.1
0.1
0.1
0.1
0.1
0.1
0.1
0.1
0.1
0.1
0.1
0.1
0.1
0.1
0.1
0.1
0.1
0.1
0.1
0.1
0.1
0.1
0.1
0.1
0.1
0.1
0.1
0.1
0.1
0.1
0.1
0.1
0.1
0.1
0.1
0.1
0.1
0.1
0.1
0.1
0.1
0.1
0.1
0.1
0.1
0.1
0.1
0.1
0.1
0.1
0.1
0.1
0.1
0.1
0.1
0.1
0.1
0.1
0.1
0.1
0.1
0.1
0.1
0.1
0.1
0.1
0.1
0.1
0.1
0.1
0.1
0.1
0.1
0.1
0.1
0.1
0.1
0.1
0.1
0.1
0.1
0.1
0.1
0.1
0.1
0.1
0.1
0.1
0.1
0.1
0.1
0.1
0.1
0.1
0.1
0.1
0.1
0.1
0.1
0.1
0.1
0.1
0.1
0.1
0.1
0.1
0.1
0.1
0.1
0.1
0.1
0.1
0.1
0.1
0.1
0.1
0.1
0.1
0.1
0.1
0.1
0.1
0.1
0.1
0.1
0.1
0.1
0.1
0.1
0.1
0.1
0.1
0.1
0.1
0.1
0.1
0.1
0.1
0.1
0.1
0.1
0.1
0.1
0.1
0.1
0.1
0.1
0.1
0.1
0.1
0.1
0.1
0.1
0.1
0.1
0.1
0.1
0.1
0.1
0.1
0.1
0.1
0.1
0.1
0.1
0.1
0.1
0.1
0.1
0.1
0.1
0.1
0.1
0.1
0.1
0.1
0.1
0.1
0.1
0.1
0.1
0.1
0.1
0.1
0.1
0.1
0.1
0.1
0.1
0.1
0.1
0.1
0.1
0.1
0.1
0.1
0.1
0.1
0.1
0.1
0.1
0.1
0.1
0.1
0.1
0.1
0.1
0.1
0.1
0.1
0.1
0.1
0.1
0.1
0.1
0.1
0.1
0.1
0.1
0.1
0.1
0.1
0.1
0.1
0.1
0.1
0.1
0.1
0.1
0.1
0.1
0.1
0.1
0.1
0.1
0.1
0.1
0.1
0.1
0.1
0.1
0.1
0.1
0.1
0.1
0.1
0.1
0.1
0.1
0.1
0.1
0.1
0.1
0.1
0.1
0.1
0.1
0.1
0.1
0.1
0.1
0.1
0.1
0.1
0.1
0.1
0.1
0.1
0.1
0.1
0.1
0.1
0.1
0.1
0.1
0.1
0.1
0.1
0.1
0.1
0.1
0.1
0.1
0.1
0.1
0.1
0.1
0.1
0.1
0.1
0.1
0.1
0.1
0.1
0.1
0.1
0.1
0.1
0.1
0.1
0.1
0.1
0.1
0.1
0.1
0.1
0.1
0.1
0.1
0.1
0.1
0.1
0.1
0.1
0.1
0.1
0.1
0.1
0.1
0.1
0.1
0.1
0.1
0.1
0.1
0.1
0.1
0.1
0.1
0.1
0.1
0.1
0.1
0.1
0.1
0.1
0.1
0.1
0.1
0.1
0.1
0.1
0.1
0.1
0.1
0.1
0.1
0.1
0.1
0.1
0.1
0.1
0.1
0.1
0.1
0.1
0.1
0.1
0.1
0.1
0.1
0.1
0.1
0.1
0.1
0.1
0.1
0.1
0.1
0.1
0.1
0.1
0.1
0.1
0.1
0.1
0.1
0.1
0.1
0.1
0.1
0.1
0.1
0.1
0.1
0.1
0.1
0.1
0.1
0.1
0.1
0.1
0.1
0.1
0.1
0.1
0.1
0.1
0.1
0.1
0.1
0.1
0.1
0.1
0.1
0.1
0.1
0.1
0.1
0.1
0.1
0.1
0.1
0.1
0.1
0.1
0.1
0.1
0.1
0.1
0.1
0.1
0.1
0.1
0.1
0.1
0.1
0.1
0.1
0.1
0.1
0.1
0.1
0.1
0.1
0.1
0.1
0.1
0.1
0.1
0.1
0.1
0.1
0.1
0.1
0.1
0.1
0.1
0.1
0.1
0.1
0.1
0.1
0.1
0.1
0.1
0.1
0.1
0.1
0.1
0.1
0.1
0.1
0.1
0.1
0.1
0.1
0.1
0.1
0.1
0.1
0.1
0.1
0.1
0.1
0.1
0.1
0.1
0.1
0.1
0.1
0.1
0.1
0.1
0.1
0.1
0.1
0.1
0.1
0.1
0.1
0.1
0.1
0.1
0.1
0.1
0.1
0.1
0.1
0.1
0.1
0.1
0.1
0.1
0.1
0.1
0.1
0.1
0.1
0.1
0.1
0.1
0.1
0.1
0.1
0.1
0.1
0.1
0.1
0.1
0.1
0.1
0.1
0.1
0.1
0.1
0.1
0.1
0.1
0.1
0.1
0.1
0.1
0.1
0.1
0.1
0.1
0.1
0.1
0.1
0.1
0.1
0.1
0.1
0.1
0.1
0.1
0.1
0.1
0.1
0.1
0.1
0.1
0.1
0.1
0.1
0.1
0.1
0.1
0.1
0.1
0.1
0.1
0.1
0.1
0.1
0.1
0.1
0.1
0.1
0.1
0.1
0.1
0.1
0.1
0.1
0.1
0.1
0.1
0.1
0.1
0.1
0.1
0.1
0.1
0.1
0.1
0.1
0.1
0.1
0.1
0.1
0.1
0.1
0.1
0.1
0.1
0.1
0.1
0.1
0.1
0.1
0.1
0.1
0.1
0.1
0.1
0.1
0.1
0.1
0.1
0.1
0.1
0.1
0.1
0.1
0.1
0.1
0.1
0.1
0.1
0.1
0.1
0.1
0.1
0.1
0.1
0.1
0.1
0.1
0.1
0.1
0.1
0.1
0.1
0.1
0.1
0.1
0.1
0.1
0.1
0.1
0.1
0.1
0.1
0.1
0.1
0.1
0.1
0.1
0.1
0.1
0.1
0.1
0.1
0.1
0.1
0.1
0.1
0.1
0.1
0.1
0.1
0.1
0.1
0.1
0.1
0.1
0.1
0.1
0.1
0.1
0.1
0.1
0.1
0.1
0.1
0.1
0.1
0.1
0.1
0.1
0.1
0.1
0.1
0.1
0.1
0.1
0.1
0.1
0.1
0.1
0.1
0.1
0.1
0.1
0.1
0.1
0.1
0.1
0.1
0.1
0.1
0.1
0.1
0.1
0.1
0.1
0.1
0.1
0.1
0.1
0.1
0.1
0.1
0.1
0.1
0.1
0.1
0.1
0.1
0.1
0.1
0.1
0.1
0.1
0.1
0.1
0.1
0.1
0.1
0.1
0.1
0.1
0.1
0.1
0.1
0.1
0.1
0.1
0.1
0.1
0.1
0.1
0.1
0.1
0.1
0.1
0.1
0.1
0.1
0.1
0.1
0.1
0.1
0.1
0.1
0.1
0.1
0.1
0.1
0.1
0.1
0.1
0.1
0.1
0.1
0.1
0.1
0.1
0.1
0.1
0.1
0.1
0.1
0.1
0.1
0.1
0.1
0.1
0.1
0.1
0.1
0.1
0.1
0.1
0.1
0.1
0.1
0.1
0.1
0.1
0.1
0.1
0.1
0.1
0.1
0.1
0.1
0.1
0.1
0.1
0.1
0.1
0.1
0.1
0.1
0.1
0.1
0.1
0.1
0.1
0.1
0.1
0.1
0.1
0.1
0.1
0.1
0.1
0.1
0.1
0.1
0.1
0.1
0.1
0.1
0.1
0.1
0.1
0.1
0.1
0.1
0.1
0.1
0.1
0.1
0.1
0.1
0.1
0.1
0.1
0.1
0.1
0.1
0.1
0.1
0.1
0.1
0.1
0.1
0.1
0.1
0.1
0.1
0.1
0.1
0.1
0.1
0.1
0.1
0.1
0.1
0.1
0.1
0.1
0.1
0.1
0.1
0.1
0.1
0.1
0.1
0.1
0.1
0.1
0.1
0.1
0.1
0.1
0.1
0.1
0.1
0.1
0.1
0.1
0.1
0.1
0.1
0.1
0.1
0.1
0.1
0.1
0.1
0.1
0.1
0.1
0.1
0.1
0.1
0.1
0.1
0.1
0.1
0.1
0.1
0.1
0.1
0.1
0.1
0.1
0.1
0.1
0.1
0.1
0.1
0.1
0.1
0.1
0.1
0.1
0.1
0.1
0.1
0.1
0.1
0.1
0.1
0.1
0.1
0.1
0.1
0.1
0.1
0.1
0.1
0.1
0.1
0.1
0.1
0.1
0.1
0.1
0.1
0.1
0.1
0.1
0.1
0.1
0.1
0.1
0.1
0.1
0.1
0.1
0.1
0.1
0.1
0.1
0.1
0.1
0.1
0.1
0.1
0.1
0.1
0.1
0.1
0.1
0.1
0.1
0.1
0.1
0.1
0.1
0.1
0.1
0.1
0.1
0.1
0.1
0.1
0.1
0.1
0.1
0.1
0.1
0.1
0.1
0.1
0.1
0.1
0.1
0.1
0.1
0.1
0.1
0.1
0.1
0.1
0.1
0.1
0.1
0.1
0.1
0.1
0.1
0.1
0.1
0.1
0.1
0.1
0.1
0.1
0.1
0.1
0.1
0.1
0.1
0.1
0.1
0.1
0.1
0.1
0.1
0.1
0.1
0.1
0.1
0.1
0.1
0.1
0.1
0.1
0.1
0.1
0.1
0.1
0.1
0.1
0.1
0.1
0.1
0.1
0.1
0.1
0.1
0.1
0.1
0.1
0.1
0.1
0.1
0.1
0.1
0.1
0.1
0.1
0.1
0.1
0.1
0.1
0.1
0.1
0.1
0.1
0.1
0.1
0.1
0.1
0.1
0.1
0.1
0.1
0.1
0.1
0.1
0.1
0.1
0.1
0.1
0.1
0.1
0.1
0.1
0.1
0.1
0.1
0.1
0.1
0.1
0.1
0.1
0.1
0.1
0.1
0.1
0.1
0.1
0.1
0.1
0.1
0.1
0.1
0.1
0.1
0.1
0.1
0.1
0.1
0.1
0.1
0.1
0.1
0.1
0.1
0.1
0.1
0.1
0.1
0.1
0.1
0.1
0.1
0.1
0.1
0.1
0.1
0.1
0.1
0.1
0.1
0.1
0.1
0.1
0.1
0.1
0.1
0.1
0.1
0.1
0.1
0.1
0.1
0.1
0.1
0.1
0.1
0.1
0.1
0.1
0.1
0.1
0.1
0.1
0.1
0.1
0.1
0.1
0.1
0.1
0.1
0.1
0.1
0.1
0.1
0.1
0.1
0.1
0.1
0.1
0.1
0.1
0.1
0.1
0.1
0.1
0.1
0.1
0.1
0.1
0.1
0.1
0.1
0.1
0.1
0.1
0.1
0.1
0.1
0.1
0.1
0.1
0.1
0.1
0.1
0.1
0.1
0.1
0.1
0.1
0.1
0.1
0.1
0.1
0.1
0.1
0.1
0.1
0.1
0.1
0.1
0.1
0.1
0.1
0.1
0.1
0.1
0.1
0.1
0.1
0.1
0.1
0.1
0.1
0.1
0.1
0.1
0.1
0.1
0.1
0.1
0.1
0.1
0.1
0.1
0.1
0.1
0.1
0.1
0.1
0.1
0.1
0.1
0.1
0.1
0.1
0.1
0.1
0.1
0.1
0.1
0.1
0.1
0.1
0.1
0.1
0.1
0.1
0.1
0.1
0.1
0.1
0.1
0.1
0.1
0.1
0.1
0.1
0.1
0.1
0.1
0.1
0.1
0.1
0.1
0.1
0.1
0.1
0.1
0.1
0.1
0.1
0.1
0.1
0.1
0.1
0.1
0.1
0.1
0.1
0.1
0.1
0.1
0.1
0.1
0.1
0.1
0.1
0.1
0.1
0.1
0.1
0.1
0.1
0.1
0.1
0.1
0.1
0.1
0.1
0.1
0.1
0.1
0.1
0.1
0.1
0.1
0.1
0.1
0.1
0.1
0.1
0.1
0.1
0.1
0.1
0.1
0.1
0.1
0.1
0.1
0.1
0.1
0.1
0.1
0.1
0.1
0.1
0.1
0.1
0.1
0.1
0.1
0.1
0.1
0.1
0.1
0.1
0.1
0.1
0.1
0.1
0.1
0.1
0.1
0.1
0.1
0.1
0.1
0.1
0.1
0.1
0.1
0.1
0.1
0.1
0.1
0.1
0.1
0.1
0.1
0.1
0.1
0.1
0.1
0.1
0.1
0.1
0.1
0.1
0.1
0.1
0.1
0.1
0.1
0.1
0.1
0.1
0.1
0.1
0.1
0.1
0.1
0.1
0.1
0.1
0.1
0.1
0.1
0.1
0.1
0.1
0.1
0.1
0.1
0.1
0.1
0.1
0.1
